1000
4718 5572 7917 1325 9932 6190 4137 2663 6865 6802 7761 5570 1194 8959 9928 7374 239 6430 4208 3453 8954 4057 2020 5790 3370 1795 4249 2463 6974 7153 6749 2093 6531 5263 7307 8224 791 7567 6896 5723 4960 1216 8470 2868 5233 1129 5025 5448 5486 2360 7803 8282 3845 454 109 5679 5727 5890 5701 4400 7215 362 59 5583 7893 5591 2314 4976 1776 7311 9080 7985 7122 3400 4578 5784 9634 4382 6099 613 3197 2811 3764 7139 5341 9368 6619 2711 7767 8282 1196 2125 3251 3425 8265 2504 7990 2119 8444 3912 9809 4707 9861 6775 4291 2527 4547 1925 214 5037 6382 6490 4414 3856 1354 9416 3492 6506 633 2382 7993 8614 602 1053 1856 3880 7029 3135 7574 6062 4117 8552 7446 3054 2226 1664 163 8785 2982 5683 2000 3879 9673 9306 6977 1935 2572 2754 9852 8556 9943 5282 3835 2884 9421 1855 3019 9225 1344 4439 1413 7553 5466 7712 8946 3922 5628 1336 9407 7602 9057 6291 49 1048 368 9495 2337 1677 3303 8822 3216 8367 1096 1120 3934 9857 3891 490 2008 9601 4812 9385 1727 8452 787 7984 3704 3631 9096 6988 5812 2994 8648 5634 5897 754 2052 2136 471 8655 5727 9056 3428 7883 2300 9189 340 6263 7694 220 7235 8423 913 2249 4823 4486 4818 8463 9129 7632 9411 6816 7883 6419 278 2373 1578 2405 2776 798 1864 5441 7763 2361 5136 6178 1262 905 3881 4661 374 9272 1373 4130 4584 471 8533 3101 837 5229 1161 4361 8278 3020 5272 1549 1748 4177 3714 2756 2428 7461 6781 680 8532 7359 4087 8023 981 5160 3461 3889 1131 5513 343 7641 1553 542 3522 8397 8942 6743 5471 8468 9717 826 3960 8086 5907 5819 4179 5601 442 4527 3325 9872 6155 135 6436 4038 4242 513 5261 9219 9885 4636 5854 1453 4847 5465 9737 8677 9227 2851 8186 5573 4060 8089 3452 4181 220 6507 4000 4310 8237 9745 1483 3521 7311 5869 5891 231 8230 6368 5334 2811 73 8530 1321 6028 6697 2062 1198 3654 2951 9353 9883 7728 1855 6323 3715 5726 4206 8319 9902 8987 2607 2511 418 1305 3823 325 6631 4709 4781 1143 4104 4202 9791 9526 6868 9058 7286 613 3942 1297 7290 7744 3009 8536 8009 5517 6456 8091 2114 4991 9287 7488 5222 7637 164 5147 5465 3525 6582 2204 5501 3946 9163 4396 3044 7674 3424 1501 6642 6082 7688 8131 4558 5187 8454 1639 917 3492 898 6195 4547 2374 4208 6448 6026 9799 7286 2874 7802 7037 152 8563 4166 922 6410 1814 2540 9826 9129 9512 9394 6875 5239 7131 3148 6320 7114 2135 7260 1125 1515 4275 5182 1743 2760 826 654 7498 3871 1793 6055 4621 9045 8796 4804 6820 4397 249 986 2997 8254 7069 5304 5608 5552 5571 2104 7292 7877 1191 7626 783 6630 4832 2918 1325 4681 3088 1705 8201 4227 3368 5108 9504 4844 869 2852 1451 6354 940 9466 5557 8585 8084 3173 8546 1142 7561 9378 2127 8225 2814 7887 5927 5968 6912 6859 2995 4744 6157 8974 892 8573 4907 529 1853 2281 2424 8772 9682 6355 2467 51 8801 8890 2403 3888 3885 9549 2844 1859 4847 2334 5031 4171 4406 3132 6765 8334 7565 5975 7870 1563 8073 306 5296 1477 8152 4907 7005 4916 8381 3001 7399 5825 8032 1317 8315 4484 8859 6596 2278 1928 7002 5569 7926 2974 8992 9602 5398 4249 5567 2510 8780 9608 4735 92 3536 518 6742 7006 82 3608 7482 4454 4101 2335 9492 3048 5075 4680 8685 6420 6228 3432 259 2161 6309 9996 5506 9469 9101 5296 8737 3758 5785 7533 8750 5997 7521 346 1704 6229 6579 9094 4295 6843 5414 4960 6341 4940 467 8527 3074 2475 1398 3585 1305 8571 5606 1817 8569 7860 7709 2110 373 2004 4573 6594 12 7592 6450 6158 6700 3930 6178 529 2722 3340 2619 2085 8821 9842 7846 7465 5905 9727 9174 8927 5692 3012 858 8462 9503 1647 4317 4336 9981 3292 2580 8388 9439 35 7262 7764 9860 4600 4713 2315 3734 8988 4876 970 4585 2334 6923 4011 9123 6432 9464 4767 5411 5672 3034 5581 4670 537 9132 717 3736 7552 2913 6918 6187 5924 2825 2464 8520 7521 1702 8964 5480 6352 5078 6725 960 904 6068 7012 7823 343 3503 2182 6070 3778 664 6644 4786 5318 1513 1082 3220 8104 1997 2064 7340 9774 7635 7173 5797 3895 3673 3704 7210 5251 1997 2485 8309 9338 5672 1699 183 5254 5906 8694 9945 5150 9348 9613 4894 6081 3631 2377 403 5317 6041 6536 8187 4358 3115 6876 4353 2312 1121 3005 4855 5877 7054 5449 6288 4965 8877 9948 3006 132 8175 3895 5219 4412 5627 2592 2256 1354 6441 2431 1084 633 3074 8429 6537 6291 4942 67 1140 8030 1712 2294 1411 7303 4419 6683 4228 1954 4196 8241 9875 3989 8613 8235 7511 2101 2049 802 489 5665 9028 4186 7011 1409 3660 9193 2319 450 3390 8903 8710 5369 6121 6741 2301 7264 3159 6909 9736 9277 3490 1640 3613 5112 9825 7278 9155 3718 5470 2199 940 2774 8259 957 4435 9709 5653 5921 1222 3357 5226 9730 4069 3285 2361 22 9727 4566 6174 7032 7293 1176 6429 5454 6247 4950 9331 1460 4103 3762 8456 9352 7310 8696 6005 4766 2330 1221 1086 9745 531 1668 1121 2635 87 3788 5688 2841 895 8009 2723 6524 6288 5249 7523 8762 6813 7997 4701 7868 972 4411 2374 7615 4306 8880 9563 8280 5495 9828 174 4817 1419 1935 1737 6344 6640 3019 7321 9021 6059 4572 1963 7754 339 1426 6916 2183 7869 8331 7824 3122 8087 6891 2095 7724 4969 1759 1841 4430 6874 7376 5789 3626 8420 8811 3241 6091 6195 9422 9986 2299 7812 4884 4692 2934 4206 5331 2900 3200 1737 4075 4959 7857 2507 943 20 7274 3791
1674
4818 5159
6890 9562
7670 8857
6297 7882
2976 9672
3933 9126
4213 5252
337 2287
3422 3885
2505 4226
5105 8273
1456 3775
1301 5411
226 5507
2386 8539
364 2279
783 6026
1447 4825
3583 7878
281 4680
5079 7528
9192 9736
2624 9425
2949 4482
2094 9547
5789 9056
2371 4572
6486 9276
8570 9421
5722 5797
6065 8989
2839 5571
1051 7456
1701 7824
7306 8860
9302 9870
3721 8456
2763 8683
4358 5328
3742 8532
341 6153
1084 6031
4490 5719
1797 7325
1658 9381
1852 4425
5401 5683
8387 8461
9350 9597
358 4419
307 9559
6462 8564
785 3990
5072 6914
93 7319
3309 7555
5571 6637
5466 9822
1159 1202
1854 8094
2087 4055
518 9714
3636 8090
2117 2602
5560 9227
343 6446
210 8236
469 2932
1327 8765
2107 9559
6383 8034
3876 7628
2064 5072
5669 8691
890 6055
2106 6810
4809 4938
4248 7572
6231 6452
4167 5453
1645 7372
7462 7725
5472 8475
2847 9606
5347 6387
2315 9804
5465 7802
865 4060
1327 1808
752 7337
2335 8888
1319 2301
2106 4424
1202 3993
7574 7623
5402 9029
3495 7131
6446 6818
7710 9820
5156 5890
6068 6728
897 4767
2116 9527
489 1330
1047 3495
637 8747
7509 8953
835 8137
1707 4685
5963 7342
233 2467
2375 5464
415 1416
1839 3780
2504 8460
3325 4054
1799 7888
7525 8700
6737 9932
6040 6971
1642 3245
8424 9165
3737 9285
60 1855
5107 8458
2915 9982
4174 8756
3212 6454
3959 4206
3038 7292
827 7886
3304 7440
758 8789
2361 7705
7764 8334
4965 7282
3793 6371
2597 9386
1137 8181
834 5662
3941 6504
1409 4711
1743 8228
78 8231
2839 6198
5576 8952
4825 4966
5479 8467
7471 9383
6745 9328
3698 7857
5328 6509
2060 2200
5302 8947
4489 8876
1921 6537
8825 9741
1162 5219
2332 7002
6917 8370
344 3212
255 2302
3715 5551
1812 4584
7157 9988
3718 6542
4135 5257
401 7032
448 8879
226 1423
4716 4719
4417 8325
3068 8011
8256 9293
12 2058
6686 6781
1093 3216
2466 6860
68 1349
7276 9734
1999 3240
7463 7592
1308 5699
2992 6731
721 1703
3001 5859
4311 6163
2819 5725
1223 6349
1190 2914
2422 4853
2369 4747
280 7049
5503 6344
7609 9552
2753 6777
1819 3701
517 941
6127 8153
2427 8261
1424 8649
1859 4251
362 8945
1157 6817
1187 1858
4278 7039
895 7671
914 9089
2373 4716
2778 9863
1732 2115
321 7036
835 4827
6257 8089
7134 8536
1090 8615
1774 8234
3021 4578
1128 7925
3245 4352
4676 7884
2999 9349
3877 9683
8373 8562
1414 7521
2430 7881
630 6054
2000 6487
4790 8456
4429 4627
2997 6915
368 3659
5549 5790
3616 7892
7301 9876
1969 5222
5228 7982
4294 5333
4840 5461
2469 4392
2426 8752
1757 9778
2002 6324
4712 9929
4489 4873
2138 9465
2815 6506
4580 8185
7138 9727
7147 8237
3074 8125
758 3282
2010 3625
442 7875
49 5905
6598 8462
4190 7679
6510 7691
5911 9981
7562 9230
7556 9053
6158 9391
6513 8947
2662 8791
2364 8946
516 8552
5790 6096
3345 6177
5831 7758
221 6501
6293 6346
9372 9800
4790 5572
2127 9230
358 7765
1842 9834
9352 9823
4088 9107
5254 9332
3422 7070
4448 8805
1401 8088
4782 8091
5831 9077
5113 7713
5695 9461
3040 3884
5435 6161
6695 7286
6351 9277
344 4441
2586 8235
326 2304
7073 9410
3281 4770
159 4541
273 300
4788 9162
8560 9605
72 5314
7343 9714
4661 9427
5363 8333
6057 9417
1352 9025
1817 6121
1322 5614
898 3661
4965 9983
2067 5443
1451 5297
6324 6821
2300 3163
6178 8126
1996 4850
1773 4632
8530 8534
5830 8460
2262 7668
6811 7634
5905 7379
1727 2719
1160 7865
4380 5813
8888 9853
213 9508
4674 7263
1997 9383
895 9353
4126 8807
7026 9291
52 6880
2285 2507
1089 4581
3919 4053
305 4122
968 6365
3194 7296
90 723
3789 4060
2095 4207
2509 8012
611 8250
2337 7147
2997 8458
1732 7562
372 9184
7515 9517
347 4681
2541 3004
8951 9734
1501 7863
1049 9794
1484 2315
3702 7709
1127 1579
2066 2089
4685 9096
1221 3290
5277 8082
3220 7462
2014 4118
5900 5979
1960 7317
1476 1660
2185 8384
184 5633
3109 9749
3637 9226
3519 7007
1679 2635
1929 4130
6160 6868
2845 7631
3000 5571
1127 9832
380 8006
892 3910
7526 7818
443 679
1638 6982
4760 6362
1341 3791
4878 4879
4404 5374
4032 5495
1268 5132
4415 7989
1428 9637
226 7287
1225 2121
532 2377
3365 6744
6174 6840
92 135
2605 4407
5028 5667
1221 7855
3492 6847
2361 6227
602 8198
2839 7827
7525 8337
4394 8808
3537 4169
532 3521
4480 5414
7632 8882
225 6193
1413 5871
1820 6198
3584 8173
1320 8472
5076 9422
2996 6923
1749 7498
1546 3711
1307 6860
2334 3880
8243 8286
3015 7000
4912 7567
1703 9173
4524 5677
215 3782
2155 6356
6428 7841
5412 5807
1739 9874
3740 8390
542 3992
6638 9472
2404 7523
494 9274
2991 8086
2341 4341
3020 9498
6780 7817
4007 5581
2381 7024
5903 8084
2300 6154
2761 3894
829 4717
7827 9679
5276 7365
5465 7127
617 2055
247 7293
5877 7234
4568 7461
654 1409
1705 2462
6681 7645
1948 9498
1121 6437
5148 7874
1347 1839
1419 3841
1142 3374
5813 5818
2140 8228
25 3521
966 1132
785 9503
218 1645
976 7706
5590 7703
1142 4532
5283 5511
979 6116
2995 8822
1055 4132
2106 6725
370 6183
3608 7520
8239 8394
6696 8784
5333 9543
2053 2361
5865 7305
6159 6296
637 9886
916 7014
24 4849
1325 9417
596 9416
5394 9881
1138 1584
1705 1856
2203 4813
2285 5717
605 8309
2099 8091
7739 9335
2718 9374
658 1798
1454 3632
2508 3720
5493 7073
3117 9978
3452 5463
3772 4524
906 9732
3505 9372
5638 6972
3400 8261
4707 7852
5889 6356
3538 5726
2279 9130
6234 9941
3354 9953
1083 7637
2816 4847
1148 8460
679 3130
73 6643
2999 5574
1369 5674
5476 8027
2514 4294
4847 8460
5999 8189
1579 9945
1189 9123
5796 5798
4358 9099
6418 8681
6694 7381
4415 5239
9348 9938
2467 5104
4166 9842
5501 8449
5136 5666
1851 5815
1225 4789
4414 7259
799 7263
5471 9384
45 3886
6033 8089
1351 2378
1127 3135
1329 6417
2402 9059
1348 2576
1457 6974
1200 6910
6869 9853
7402 8202
2276 3940
3237 5400
5442 5825
2201 9420
3484 5819
5459 8238
1727 4946
7873 8578
1924 2061
826 5495
464 5912
227 5261
6740 9671
2209 5929
3006 9060
527 4899
5562 7002
88 7806
4960 8433
889 7756
2000 4012
1140 3319
162 3892
375 9135
7381 9770
897 4097
4963 5117
7598 7821
166 9421
6190 6193
4237 5678
1135 5316
1581 5147
2896 8926
535 7596
3213 9219
867 9942
4071 6430
2544 9501
172 3022
1849 2990
1576 5966
6898 8964
5904 7158
1124 8542
379 6185
1646 2753
3525 3944
2752 8797
1723 7260
3158 3591
2428 4406
4100 5153
532 5467
1814 5698
3016 7219
1737 7893
1704 8464
3082 7690
1663 6341
3523 6181
3254 7559
5523 7135
3401 8542
107 6118
2633 7486
532 8759
4874 8386
3126 6621
2750 5785
1699 5972
894 5569
7689 9718
4095 4973
6774 9425
8549 8905
631 5724
401 4711
188 5228
896 7063
2058 3000
2945 7858
2826 6366
3302 8179
7629 7928
3466 4962
469 6007
9127 9617
6454 9224
7874 9274
3294 6648
3996 5587
528 4102
338 7314
547 4874
3707 4422
1749 4181
306 934
1457 5904
6093 6189
2640 5594
1638 4398
2104 6917
8876 9226
454 4829
803 9900
3520 5257
5147 9984
3013 3796
896 8618
4398 5449
3075 3935
1486 3713
1678 6283
3225 7807
7265 9675
3298 9984
957 6417
2002 6861
1836 8148
1138 3535
1559 3720
7827 7890
7261 7846
5322 9733
2508 2846
330 1697
4086 6839
6981 8556
5516 8744
2429 5450
1121 2119
3870 6157
8696 9353
1734 4562
1487 3078
4411 5688
602 5520
7008 7553
319 7926
346 9168
114 2994
3450 4859
1868 7073
3156 9928
1665 6810
4622 6289
823 6190
5408 7041
106 1790
6234 8541
6199 8315
8810 9186
3889 8607
4567 7032
3048 4102
921 1090
2986 9743
4350 9162
1636 2356
1674 8461
4811 7117
279 6871
2359 8463
228 452
1339 4274
4808 8229
8936 9862
163 1423
3941 8776
4436 5250
838 7721
4945 8531
4710 6034
4950 7739
5867 8277
2297 9728
2009 7305
944 4901
3127 6637
1928 5182
230 4249
1644 8254
462 6594
2487 9926
3458 9506
8080 9730
222 1662
5083 9039
4851 5181
2368 7877
4855 5465
7210 7287
2369 2923
82 805
3706 7284
529 7768
4819 6865
1727 9775
3253 5587
3102 7006
529 3385
1351 2016
1461 3889
1934 2011
1740 3426
4429 6597
4562 8447
3016 5813
2258 4395
2025 5504
974 4849
3650 8768
4710 5336
1228 6577
5503 9740
8778 9721
1709 8990
2254 2404
5632 7632
5438 6160
20 9414
941 7700
8396 9746
5551 9633
2026 5466
8435 9499
4435 7001
246 3428
4994 5233
4309 8464
4414 8537
4944 8554
980 2462
1868 6908
2882 3789
6490 6911
7291 9737
2820 9949
667 1727
2865 3016
1191 3017
452 3622
636 3878
1142 7629
3240 3492
1119 7800
1200 8953
5707 5893
4823 5728
4177 5252
5408 5568
2569 6295
1085 7751
4184 7851
6816 9189
2336 2857
1790 3932
1749 2295
5510 9989
5257 9417
619 2915
343 3876
2432 7841
516 4209
5558 7756
1447 3009
3609 4729
2659 8901
2876 9723
5074 6036
1413 8534
4354 9551
632 9564
4396 9887
4529 9271
28 3115
162 9608
4579 9613
900 6157
1546 3948
4110 8416
6525 8006
4484 7825
3710 3778
5223 8472
2587 6319
7305 7755
915 2322
676 9356
533 4947
4956 9598
4352 9359
1343 8428
7017 9856
530 5222
4173 4902
1847 2707
4244 9724
3365 8007
1863 5467
8287 8876
4437 4779
1264 9946
2839 9225
4529 6909
4059 8157
131 6292
3196 4362
3956 7557
4819 6189
6177 8816
8280 9981
402 7452
2053 8529
2300 5480
4314 9337
3537 6442
4973 7374
3362 4641
59 4404
3202 4806
2469 7365
1790 7278
7288 8087
3007 7867
2592 8307
6630 8380
2752 3121
3373 7752
2878 6454
784 4172
908 8026
4848 8245
2506 5073
173 1451
1696 8696
3033 6976
2297 4564
3004 3884
226 371
7563 9384
2374 6579
1643 6877
3523 6076
71 6322
2531 3018
368 1857
2059 5553
347 4966
2980 9566
1141 9811
1575 5445
6867 9425
2322 4885
980 9599
6502 9334
1367 5307
8362 9949
634 3591
7379 9600
3894 5999
2313 7734
43 3885
2901 3090
2324 5583
7756 9945
2001 8261
1119 6290
1124 5440
7760 9803
3020 6319
220 953
491 4488
7914 9288
3497 8550
4297 8462
3924 7316
2472 4105
2317 8751
3194 7598
9422 9737
6247 9492
2825 4824
2502 5188
87 1192
3220 7852
3204 9896
4569 8620
2994 9193
1956 4407
3321 3462
7139 8568
781 2409
2358 8081
3497 4075
2007 4170
1404 7638
3038 7370
969 1331
1645 2167
922 7723
5602 6770
1337 4702
4171 4812
1089 7286
529 6771
4762 4811
3419 6023
3279 3530
2254 8094
3718 5276
5026 5613
5311 8681
1950 4681
3890 4458
6881 9270
7470 9711
6879 9951
7314 7468
7753 9344
4397 8238
956 8774
3495 8874
7763 8376
1139 7308
334 6743
3330 7889
5604 8863
7547 8989
3729 9741
972 8173
4960 4962
779 9358
5032 7995
1660 4820
2466 4184
7270 8551
8770 8957
3934 6282
5500 8688
1353 7131
4239 8261
6574 6646
3925 6697
2888 9771
1660 7364
2361 9080
3237 6812
5909 9423
4551 9494
344 8250
937 1155
965 3852
4039 5667
8152 8953
5614 9194
6007 9422
1472 4394
6584 6643
4033 6376
3518 6075
6765 6769
1960 8882
82 8423
7214 7273
3735 6974
6523 7284
2423 5260
6927 8986
2057 6865
1129 3855
1798 2848
9596 9868
2021 6305
7813 8235
1498 9387
7051 9193
2329 6201
1422 6242
7799 9062
2726 2992
8278 9860
1853 5554
3466 3898
2371 5115
2375 5023
2946 6980
4180 4353
3626 7640
7375 7802
8372 9864
5819 7284
900 2574
3498 9396
1558 9637
5243 5592
6348 9844
375 5443
5574 8272
1793 5039
3361 5145
2299 7296
3109 7354
957 8080
8435 9291
947 4563
8736 9391
2470 5269
5903 6856
4005 4847
1260 8738
4093 7987
4210 4395
7400 9134
1421 6346
920 3355
3082 3625
3835 7283
619 8261
1735 5908
2406 5519
7289 9548
2367 3893
4393 7720
3088 4765
2971 6872
4810 7827
3006 6445
6871 7546
4767 5412
7890 8231
3770 9346
178 1318
2388 9348
601 9604
2473 6891
3201 7471
2409 4300
1350 4384
2106 8781
4486 9827
8136 9732
632 9507
3626 9063
1921 3195
6086 9336
1728 7509
2306 3923
4485 7642
5224 6294
1406 6170
226 8086
3016 9599
1710 6910
163 3658
3146 7566
4406 6979
8435 8536
5928 8864
7380 8224
1856 5793
370 2990
3151 5576
603 716
2195 5250
1993 5630
3934 4208
3004 3930
3071 6740
2399 8548
904 1735
3611 4814
3073 6311
639 1121
7001 8772
6535 9439
55 9855
1962 7445
1332 9058
1311 4981
1338 6840
7632 8084
3171 8240
2712 2978
4042 7287
2336 3895
2907 6917
131 452
6008 6511
3148 5034
8580 9164
5459 8094
7167 9751
2404 8027
7259 7889
5793 6929
4906 6117
5667 6745
3014 5820
4707 7008
3541 5316
2576 6234
914 5252
3797 9604
633 9228
1414 2376
4773 9949
5191 8469
5328 9615
6186 6885
361 8396
5895 9780
6152 7856
3003 8090
3328 4686
4204 9346
1852 7516
5446 6998
224 8884
6365 9844
3625 8422
7821 9938
3421 3584
938 5295
5624 7709
249 3389
2912 4298
4410 7290
3387 8691
1408 3013
3178 8286
1641 4638
1513 4179
4176 5802
1336 1958
3524 8989
4233 7308
657 1191
938 8086
652 6577
6488 8183
820 2254
3763 8453
6641 6808
3720 8957
7114 9741
5607 9468
3623 6754
1699 9058
2050 7868
939 2189
2097 8090
4685 9857
4002 4880
547 6699
1817 2848
3396 5461
3006 3198
627 8387
6919 8422
1744 2328
2307 7317
3449 7992
1453 6703
2339 3455
186 5236
470 4244
5262 9944
7258 8537
3732 8549
1300 2816
7308 8229
4565 4678
5572 8864
1816 7926
5292 5683
2724 2973
473 4902
4334 7056
6446 8247
4982 8182
1129 5482
749 4450
4667 6180
2301 8547
4490 6893
1515 4433
1711 9602
665 6124
2874 8817
5585 5796
3886 6418
1546 7879
2761 6178
2584 3426
6622 7552
6289 9410
6992 8179
2332 6067
8993 9604
536 2098
2003 8425
4377 5927
7863 9444
1473 3486
4946 7049
1372 5083
4786 7516
7013 8372
1551 9383
109 9420
214 9858
860 8466
4686 7571
1635 8260
4632 7494
631 5677
8532 9890
1350 7287
618 7724
4904 5812
4117 6998
4011 5630
1120 6914
2426 6872
4414 5256
911 7878
7503 9059
126 4623
4960 6284
4527 7298
1120 2081
5575 7724
938 7730
4482 8270
8824 9424
5647 6771
1841 2000
5905 6349
9285 9604
4918 8568
649 9107
2726 8227
7296 8534
2090 6349
3985 8862
1681 4806
2119 8448
6534 6892
3214 4563
1304 6507
5692 8673
1661 5580
543 9194
8330 8560
347 3199
5892 6358
5133 5724
3791 6385
225 2468
961 9169
3708 6125
754 8314
7767 9488
911 2814
6024 6425
4417 5964
984 1738
3430 5550
2469 3532
3923 7708
79 7688
1704 6156
5993 6976
4719 5591
3200 7281
6702 8979
375 3591
7678 8574
2822 5322
7593 8691
3004 7171
2301 6051
2056 4097
2754 3422
3730 4673
2719 4828
3665 6317
1998 8738
8882 9388
8926 9952
2875 4482
7290 8334
1341 3096
2949 8102
55 3851
2842 3939
4176 5889
2356 2577
1321 2432
6873 9348
5144 6000
8387 8528
901 5973
6798 7318
9549 9862
4825 9060
6993 9553
5026 5521
3219 6896
2382 8090
1120 5581
53 4355
485 4675
4224 5593
2924 4580
4529 8893
43 6976
1667 2166
1321 5694
2336 6286
1082 2337
921 3328
2058 2900
4492 9713
5313 6809
4180 4231
3887 5443
7308 7770
5972 9946
4035 9118
5331 7315
407 9750
4214 4732
5559 9098
4583 5136
6513 8102
4240 5394
1198 8094
4681 7012
3892 4396
6053 6289
2535 4402
3876 5631
3387 5518
2312 2884
1401 4414
372 7872
1086 9633
1670 2043
5794 6518
3362 4391
4675 6743
2977 3195
4016 6503
7284 7563
3101 6885
1135 8977
1646 6866
3211 6875
5035 6195
789 2461
2423 8889
1724 9462
1126 9062
798 9444
3668 4277
4704 4957
934 3885
526 7874
214 3763
1479 7338
2298 3176
4356 9193
6426 9785
4996 7528
4775 6533
4386 4453
2422 9723
1199 3017
2100 3939
1142 4818
486 4959
519 4405
340 526
3427 9019
2132 7112
1499 9191
4087 4707
2297 6411
1677 2467
29 4559
7402 9855
1497 7309
7515 9774
6918 9369
1854 3938
1192 7056
5676 8151
109 1557
2993 7812
872 7727
1175 5076
1640 3000
1507 9184
7927 8397
6092 9286
3240 3901
6864 8252
164 9716
3072 9844
4790 5577
4199 8228
1325 6892
2156 9740
4543 9417
782 2050
6365 9396
918 7011
1200 2366
954 7991
7309 8032
2363 6173
1478 3794
2102 5901
4246 8250
4580 8907
2840 3157
6264 6919
4550 8709
1840 5788
2332 9831
2339 3222
1319 9902
1862 5023
3620 8465
2577 8201
336 6414
8875 9739
956 7509
1098 3121
2400 6429
6008 6085
517 8185
675 1576
6363 6977
1328 6728
7270 9285
3291 9229
5632 6089
9132 9636
2248 7313
1499 2914
5814 6743
3393 6286
8968 9492
1771 6175
6284 7875
486 3928
1342 8863
4435 9543
2480 4549
1198 9849
3523 9946
1506 8701
4559 7528
4960 9353
5024 9883
946 2409
3591 8796
3488 9101
4586 7441
1419 7298
2376 6576
141 3075
4086 4677
215 9307
1640 7868
226 3894
2851 7374
3000 9282
3373 7599
4353 9123
789 6058
4964 8013
6429 8369
2139 5476
4201 7266
2063 6779
2339 9740
1316 2726
2186 7680
2185 6286
9334 9410
2770 4397
5554 8014
3422 4134
2845 7996
1933 5491
1929 2091
870 5260
5791 5865
7314 9224
714 6509
2722 3124
374 9470
8085 8876
1370 4713
2667 7920
1739 2123
5822 6761
1544 8786
1194 8708
3721 4568
7334 8875
7305 9832
3944 6632
3521 5416
412 1144
1781 3429
241 6185
2330 2816
903 9489
7272 8683
3194 6841
1551 8468
37 6156
4407 8417
6419 8881
6538 9879
7317 9825
470 5290
4244 7262
895 4441
166 9333
1090 9057
660 5176
4674 7644
6916 8085
1704 4855
1299 4574
6228 7605
5102 6257
2912 5576
3012 6241
7482 8330
1727 8132
1705 5253
1050 1354
1223 8990
1635 4299
1428 4892
4425 8530
371 7238
2021 7035
3373 4200
5888 6243
3447 4413
471 3609
3433 7727
2401 3487
3614 8578
6068 7850
2957 5682
2327 8243
2506 5437
4061 6192
529 6064
840 1998
5969 9423
2181 9597
2130 3732
909 5310
4911 4946
33 1195
2987 7738
916 5070
4111 5779
1998 9224
6638 9748
2306 7798
2000 2506
441 5314
6094 9938
5108 7801
4341 5192
2209 4573
4767 8331
2297 9058
943 6099
2845 3889
447 4365
533 1728
327 2364
7986 9721
6057 7563
5255 6382
3488 6692
2112 7874
1300 9349
8181 8754
6618 7881
1463 4806
4411 6057
136 6183
6873 8071
798 4339
4440 7038
6410 9729
3678 5669
6649 6747
520 6357
952 9851
4636 5471
2179 6750
1405 6536
225 3901
254 7633
3890 6613
2312 8230
1116 3424
