1000
1061 2277 4065 6647 504 5980 6229 8049 1792 3333 9172 1919 1034 6554 7181 2172 578 9973 7589 6406 5565 7946 9942 5655 4685 9456 3745 6028 7363 755 844 7409 544 1057 3561 7546 3158 6054 2330 4111 3558 285 2225 8822 8003 4384 1883 6067 9003 9917 7214 8474 4244 900 8328 8573 5860 8841 4704 776 6561 9572 6004 208 4050 5483 5728 9705 8545 8132 6939 1164 8442 82 888 4986 7703 2936 349 3692 8885 6055 7856 5466 7652 7793 3525 6150 38 2776 4565 9422 2032 7884 6474 33 4874 6000 5631 3775 4695 8333 544 1086 8505 4879 75 2324 5222 3044 15 4105 9597 2715 2556 3602 7754 3561 5788 6742 2094 1135 9946 853 3177 9428 3877 8496 2050 6926 8806 7171 8901 6508 2997 4405 5890 7878 9371 8450 4618 460 5966 5277 709 3732 9140 8120 4211 9742 8428 7309 8782 5668 2370 796 3151 1147 5568 6354 6280 9408 7500 842 9935 7152 2186 6871 5880 9110 1929 2038 2258 7620 4812 8062 8473 7203 2210 4372 3243 1921 6331 8549 1093 2557 7017 335 7663 2981 9439 1352 8719 2970 9760 5922 4797 7479 6641 6381 827 9381 3693 8046 2047 7162 48 834 7338 7009 9796 1977 1491 7807 431 7243 4377 4929 4249 3160 8324 3253 3563 6178 7257 9997 5402 1660 8907 7728 3306 2115 9083 8259 3203 7519 8211 9121 2742 7820 5355 3184 6712 6627 6290 4163 2260 6788 724 7229 2415 7180 1294 2852 1849 6575 7986 4045 7041 1715 5214 1158 5216 4225 7249 1402 209 9096 1218 9439 573 9150 6826 2205 6389 5094 8885 3796 7215 9353 1741 9067 288 2539 2204 7660 4528 3295 3149 212 575 9908 5651 1870 7748 6644 2864 1523 9301 5698 1547 9058 8725 3312 5788 4855 3863 4368 4758 4445 4650 1978 204 4299 9797 6127 2996 5228 7868 1215 119 7618 6804 6937 10000 6564 6458 8531 232 7029 7910 3560 6709 8799 7654 7156 3354 2660 3855 7278 7889 3203 6992 5713 6594 8029 7607 3883 1236 8156 5071 1559 1711 7626 5984 2484 6511 3028 2495 8821 755 8822 5890 653 3943 7125 6853 1883 9433 7579 3480 6054 8892 2246 9964 2770 3360 4240 8369 332 1089 8556 3491 6168 57 4431 3926 5923 5977 5721 917 7996 322 8414 6425 327 2624 5741 5777 2567 3990 3924 4021 8076 8835 1549 7008 9440 9183 7722 6627 8145 2586 7149 3794 6306 9095 3914 5086 2174 3429 6132 2013 3677 9334 2213 605 5274 3719 7007 860 8429 1230 951 2411 2203 8177 3470 1662 7212 1223 3868 2360 2381 9662 5266 1643 8390 9545 795 2642 3893 6554 547 7790 8913 6969 2819 4793 2570 3673 9044 9456 1868 8161 2011 7800 8522 7854 9488 8532 4717 1991 6387 1314 5304 7805 6844 2320 9972 341 2851 3172 3114 478 4221 7938 1783 7014 2874 4426 379 6631 2458 4491 8223 5474 4909 3908 492 6505 3877 2369 3661 2867 1239 324 448 675 47 8095 2820 9294 5106 879 1751 1137 9378 571 795 1222 8282 176 8381 2536 1077 9889 4149 9283 5517 9153 9216 6821 1715 7839 2795 4644 8066 2423 9234 475 5166 3611 6083 2625 2922 5230 156 6315 8952 1508 52 548 2501 7641 5271 4243 2223 2218 6693 3547 7603 7860 2505 5257 9520 9193 5298 366 7471 74 717 1348 6054 1010 4578 5772 4869 9588 3265 941 5943 2968 5072 6504 7639 7082 5654 3159 5019 8079 5466 5649 1298 3855 5152 7906 8896 3096 9455 8196 4123 8288 833 5693 9017 5414 9472 1336 9386 7037 4423 5473 9447 7389 7853 8509 8632 2422 8465 844 7278 3218 6395 2259 2356 1603 1549 4918 9394 9239 4467 291 9588 272 9176 7442 3536 3035 2554 4473 2172 8446 2818 5166 7397 894 4804 500 7846 3264 9607 3929 7528 2085 3639 2464 5837 4802 1535 8496 5555 3932 4425 2177 8696 264 4236 6957 5006 4719 1844 7404 4414 1689 810 8104 5160 1842 5431 6093 3377 8940 2136 9591 6368 286 2342 4533 2308 417 9616 4014 5373 6680 969 3870 3554 8865 4914 9206 3661 9592 2403 1837 2510 3717 1054 2563 7397 8334 6096 4204 2499 5474 8739 5002 9097 3847 6666 6776 1692 9612 3071 1618 7260 4794 5476 1887 8405 9147 98 6975 8362 665 6401 4947 9257 535 5562 3577 1912 4706 1333 8752 7305 5880 4032 839 3454 1087 525 7781 1548 7185 6755 516 8844 9247 2120 1041 7562 7293 9814 7977 6707 9415 2434 4180 4084 2979 1851 5958 1461 2105 3317 6535 4135 225 2011 1519 9055 4054 1930 16 487 9210 1730 6648 3815 868 529 5167 2555 2864 3117 7334 2764 482 9968 5274 1468 3275 345 3515 7636 676 5518 5515 930 2931 5909 6663 7931 2932 6726 7289 9738 4481 8826 6313 3664 8494 687 4216 7310 9340 9584 387 2363 8271 2422 8824 8921 870 6623 7237 6443 3296 2749 907 4895 4637 6727 69 5796 6 6658 6434 672 8643 6477 6737 3319 6134 7424 3162 4278 6051 1927 1810 1772 8271 8767 7779 4127 4630 6688 5565 469 1997 121 9117 3506 8665 413 5138 2473 103 5752 8032 1617 872 4378 2944 3125 6962 1941 8333 2527 6013 2645 4654 1172 9510 6994 4560 9571 7487 8169 1343 8251 7905 3686 9557 4218 6084 6337 1175 3958 481 697 8824 7506 9170 6382 2567 7730 3895 9221 2446 5179 4621 3901 8407 1394 7692 562 8199 9984 7943 3146 9396 1251 8 7066 4365 9411 9846 5158 751 4944 4328 948 4603 506 6713 1699 7453 5854 2422 2147 5595 80 6385 8345 8546 9499 4383 452 8838 3927 6244 613 3887 4143 806 6094 6518 9603 935 5267 9908 6743 5858 7513 8306 2911 6010 5724 3275 9140 2906 6417 1468 8510 9652 3945 3849 3619 5830 608 6694 2656 6538 913 4020 7321 6469 8472
1310
1552 4230
1218 9355
3317 6178
4382 9167
920 8499
1463 8724
327 8779
2414 6756
6382 9962
614 2477
7510 9456
1059 3640
467 6094
898 2862
3861 7309
1927 9399
4137 6847
5730 5751
7630 7732
4715 9246
4149 6246
6739 8891
3167 5398
4914 9201
2429 5756
478 677
721 3938
539 8822
3694 5565
2866 3776
5732 5877
1888 7486
9007 9144
7940 9521
945 8428
612 1292
7482 8062
4534 8823
2718 8050
893 6536
3607 7158
2554 8302
7777 9948
826 1866
6012 7873
46 9137
1175 1393
3879 9433
692 2011
8206 8436
2361 5472
2090 5433
845 3147
1158 6246
3310 9011
2417 7699
2567 9376
547 1992
5549 6565
115 3855
8255 9196
5734 6541
1216 2254
1037 6748
2551 4703
1846 5748
6570 7952
2662 3852
8883 9510
4641 5565
41 7855
2369 8490
6101 8895
5789 9491
866 3989
2240 8522
548 6573
455 6803
3560 5997
4199 9982
6472 8828
5859 9963
2567 6508
2964 6395
7608 8335
2864 8841
2850 4654
1543 6935
1510 2257
5161 8828
1554 7185
2746 9593
6424 9469
4559 5725
1220 6567
339 4429
863 1735
3719 7975
6473 8198
2631 8274
4432 6967
1131 3521
2364 4245
546 9608
385 8815
4566 5261
4917 7669
1641 4793
4894 5094
727 3549
8881 9510
8035 8420
849 2906
2424 8513
3742 3949
757 4559
4564 9599
3301 4406
1309 1729
1221 1714
1006 5801
3560 5894
4528 7402
4246 8331
2009 9233
3847 4021
8375 9976
8118 9141
7183 7990
14 4206
5273 8077
2050 6866
1714 8832
2099 3289
3424 5274
2510 9611
3095 7016
369 9561
3503 6826
1485 5216
2555 9147
53 9594
6308 7876
2531 5516
1470 2500
3848 9214
1091 7261
1061 5955
5268 7012
3117 5413
107 3000
530 796
324 5722
3319 6309
2862 9994
1658 7006
6073 9482
5510 6127
5468 8327
665 6552
19 2246
478 751
3151 7847
46 8340
829 5477
1227 8334
2240 9086
7952 8372
4910 6089
877 2405
953 1508
1971 5219
2126 9146
908 7327
2646 9152
3949 7275
10 2576
4158 8327
6227 8510
1913 4426
2628 9443
704 2821
7849 9601
3721 4273
4050 7654
1868 5093
6101 9080
3578 4442
3793 5977
4054 8068
2401 7234
3945 8285
3557 7043
4380 7429
4716 5654
7486 9212
894 7660
715 2504
6558 9603
6306 8503
1893 3894
5161 7018
554 2322
6007 7037
6125 9476
3263 8151
4126 8434
1892 2590
2860 8577
1710 5973
4807 7585
1838 2523
8070 8356
2408 6567
5019 7597
1311 3174
6782 7295
8328 9438
182 1918
4374 5796
3158 9441
1870 3872
1395 6555
2227 7862
336 1808
525 6925
2211 5564
3023 4380
5772 7011
1051 7641
120 6309
579 7733
3428 6736
6018 6443
548 5889
867 3850
927 2863
3316 4424
7308 8536
2333 3723
8175 8327
3778 8471
1173 5153
1161 6304
4234 4297
673 4873
3206 8439
6711 9246
954 2182
290 8257
70 2934
940 7857
3152 5111
5401 8513
2258 3315
1879 1994
8845 8927
5757 8181
294 8801
2423 2573
554 6052
3432 5175
3537 9906
4621 5560
1873 8826
721 6350
9484 9796
3924 5563
868 7006
1245 5651
3457 5696
2478 3666
3242 5785
2168 3891
4123 9886
721 7889
1750 7475
88 4795
3929 4230
670 8073
581 8001
5260 8327
1743 9222
7618 9439
5887 7474
2047 6959
2555 3733
504 5475
1522 3212
291 3913
37 6137
3269 5568
326 8202
2374 2870
3597 6671
4950 7262
6011 8827
5923 7303
3880 6742
7517 9092
19 413
72 7734
1349 7240
796 8401
9381 9434
1757 4049
5233 7423
847 8275
1488 6057
6706 8800
483 808
1131 7155
5510 8738
2767 4222
840 1972
1029 3359
466 5921
4380 5754
51 7722
2927 8819
2404 6327
9569 9665
467 3887
2094 9965
2008 7311
5277 9383
2259 5216
3885 9711
7479 8160
1910 2354
5652 6055
7885 8868
3776 4228
5980 8218
8126 8913
8723 9792
3305 9169
3147 3889
7215 8396
2333 8512
2760 5089
209 8494
4422 6684
7256 9047
2540 9572
1089 1352
1983 8900
4138 6474
437 4915
2262 3165
6166 8526
5272 9111
6978 7011
7397 9241
7853 9917
3159 3383
1699 3929
4943 6790
1300 6414
1300 2049
1132 4692
950 1840
6732 8202
470 7161
690 4130
612 2566
841 7307
7751 8507
1714 9236
1864 3638
1028 6722
469 2534
8271 8556
4422 7794
5835 8192
2942 3265
4420 8903
3562 4123
813 1926
8472 8822
8821 9884
350 7657
3565 4654
2371 4036
6504 7694
2335 4928
2933 5412
3250 4284
3560 7903
5146 6223
3203 7393
5646 8322
3090 7202
6652 9968
3849 5972
3329 7804
2166 9233
31 5775
4565 9207
813 8357
2116 9126
6563 9445
2115 9380
4427 4754
5563 9238
5162 8404
2096 7343
3562 6245
757 9427
7003 8648
12 7165
6657 8245
5233 7907
2175 6467
4 746
548 6310
78 6419
3255 9395
2190 3658
7733 9454
1246 6710
3847 9706
4221 7316
4019 6163
336 5003
866 7409
325 7260
2421 9842
5564 7254
4026 7746
1036 7904
38 1796
1621 7035
3170 6953
2044 3302
7010 9543
6231 8490
284 8473
3381 3664
951 9152
574 8521
5860 6625
3219 3890
7003 7393
890 7884
427 9093
6522 8508
4648 9840
120 1527
1923 9209
8076 8847
3541 8277
1135 3843
2657 4207
344 1710
1849 5591
2868 5758
1665 9587
8058 8327
7932 9290
1005 8175
6088 8089
4648 8821
227 6094
99 8084
2330 4372
2539 6649
3878 5473
278 4807
2008 3190
4719 5488
2848 6150
3472 5309
74 2972
5666 7849
3099 3672
7289 9385
454 1878
486 3873
4224 7172
4218 8337
3854 4792
1057 1660
2384 8266
4301 7034
2485 2657
100 5650
4816 6380
2553 5645
1703 7477
7014 7294
21 3181
2201 8574
1866 2386
6470 6479
4579 8889
3091 5790
3679 5940
2817 3891
8328 8329
607 8494
4907 4915
4704 4938
6709 7949
1043 7423
6380 8043
718 9903
1242 3931
2462 6826
6506 7503
3245 3281
5979 7946
6705 8830
1347 2153
6713 9226
7660 9341
2375 9652
1739 5274
550 9383
914 9022
2863 4485
2556 2975
41 7477
1005 7358
5985 9135
1129 4430
2036 8468
2405 10000
5786 7824
3871 6056
2565 9405
3556 6061
866 6366
285 4133
705 5749
3615 9155
3001 6821
897 2588
4865 9614
464 8528
777 9583
2146 3311
8459 9227
554 1863
2202 7011
2475 6572
4875 8444
5645 6181
1726 8909
1219 7856
5471 9744
5785 6867
4388 7607
829 2873
609 5088
4752 9138
1235 7327
5714 9611
2763 8841
1835 2184
3922 8370
1783 9911
7800 7890
3527 3899
8913 9097
5233 5234
5971 8640
3034 3071
4535 5273
6 2221
2171 9182
0 9996
288 7992
3878 9156
4522 7249
7690 9335
1293 2860
2032 3563
4426 7174
322 8820
1333 8027
7806 8321
750 5670
1235 1935
7850 9762
3460 7793
654 2793
7220 7408
719 8794
1091 8897
1946 5470
2222 2496
8822 9552
2015 9252
5014 7799
2150 2216
1046 9078
5829 9389
715 4564
5520 6663
5839 6594
1885 9744
2942 8721
7186 7810
3558 7244
286 4809
2373 6747
4105 7219
421 9417
2974 2982
3208 7750
5146 5483
864 8868
6733 7061
2947 4219
205 1056
3665 9176
7904 8512
8646 9974
3616 7778
3643 9041
5228 9525
2380 3550
3673 4707
5885 8032
8497 9427
325 3351
3908 5565
3092 4012
874 7402
8071 8477
9286 9489
8171 8442
5020 7855
1975 7635
8509 9420
3711 9391
2264 9425
50 3251
2351 2590
3617 9226
4635 5065
6958 7038
5725 8494
6782 8552
1508 3557
2176 4056
6053 9437
4852 5477
3521 8051
455 6400
8436 9095
3206 8781
1794 3100
9577 9593
3040 6176
7629 9148
5216 8089
6381 8103
2473 3902
270 8044
1246 8506
7033 7540
1869 9910
3359 7911
966 6569
29 6566
6756 7667
4296 4579
8118 8839
5227 6704
2405 4473
7474 7946
1769 8571
516 8217
3883 5300
1320 3123
340 8182
1554 2468
6184 9964
417 6726
2558 3915
4802 5713
6052 9978
8496 9220
2198 3933
6098 9117
1553 4992
2493 6695
3237 6500
5674 5754
5565 8408
6523 7999
1474 7488
4760 5361
3748 6089
2557 4650
1473 9404
3553 7254
33 5154
873 2992
4127 6502
2566 4797
7362 7802
77 6650
6663 9979
2978 3859
7708 8821
2260 2557
832 3695
4863 7029
7820 8894
7450 8105
4556 8335
2364 2862
3263 3434
3659 7779
8265 8915
9052 9555
3893 9811
4103 6440
2016 7658
5006 8820
3799 7388
2774 4426
2177 5270
5301 6315
799 6359
4215 8413
9 836
3912 6381
7019 7080
3856 5090
7226 8636
1848 6933
2263 7484
919 3906
547 897
3874 3961
543 8735
3206 7939
1058 5004
3603 6848
6943 9062
1936 7312
2098 3731
1922 4429
6070 8276
3269 9948
6729 8321
2252 4802
1882 2484
4249 4698
1175 2012
1517 7640
5410 9452
574 1922
8533 9510
4026 5235
62 6963
4238 9377
1922 3454
8256 9943
6060 6635
3798 4106
6850 8380
8100 8756
5726 6468
751 2947
1686 9095
7233 9063
383 7043
2928 9222
5272 9370
4813 8501
759 7452
5005 6934
238 971
2002 7165
8546 9338
1936 2571
2343 7032
2817 6699
2500 5472
2092 8890
3280 8647
4889 6705
7162 8533
7395 8911
74 8639
2346 4109
31 665
1239 9428
1704 3986
475 8841
75 9219
5480 5649
2007 5274
8171 8860
6537 6669
551 5461
2968 6925
3573 4648
4034 5854
5487 7814
6577 9914
8551 9113
2571 8492
3265 6179
5230 6393
7182 10001
6 9172
6010 6136
727 3121
4874 9433
497 3479
5076 5465
5474 6501
1057 6183
1793 8286
2747 9619
576 8272
455 2122
5793 6772
2207 8473
4472 4720
2016 6336
3197 4219
4378 5177
2561 2869
3259 5481
1942 5014
3158 8500
3659 9999
871 6385
4401 6153
7735 8495
2205 6058
4058 5719
4434 6479
613 947
2017 5262
3188 9461
1915 5277
6032 8366
1156 9329
2141 5790
7306 9709
5469 9525
1928 2425
29 7730
530 6312
3850 6292
676 5728
349 8414
2990 9970
774 7190
5997 7291
1248 4207
3990 6510
2478 8343
1988 6246
3119 8068
1218 5848
468 9189
279 2557
2713 7788
3892 9971
6061 6565
3866 5221
2551 8504
151 6941
861 5102
700 6633
5018 6060
1352 9188
1659 5877
6096 9244
1939 5217
7607 7642
2745 4361
6063 6815
3698 7209
2979 7035
884 8248
345 1350
6745 9114
1339 6799
5574 8494
2044 9576
198 9258
2983 9180
5473 9505
508 5468
1242 5475
449 8404
2530 3156
945 1537
4918 4929
343 6620
6445 8427
2214 6641
2120 7803
547 8818
576 3262
2872 9144
8 3924
1713 4554
1407 2501
5961 6130
4707 7251
3148 5561
2038 7981
6732 9064
5512 7658
1973 4238
828 854
747 839
794 6713
1842 3526
896 9072
2977 5078
754 9757
2905 6386
4914 8122
2422 4376
2216 9590
2168 4065
4035 6306
3601 4123
4399 6550
2316 2589
3174 3948
79 3271
4795 8910
5793 8504
1301 3599
3871 4650
5645 9415
1292 7722
4154 8334
4212 4212
214 5703
2916 6799
1331 4238
2041 4935
700 8446
4180 4225
6551 9123
1888 7577
2095 9099
5983 6927
2461 6516
4215 6630
4909 5832
1994 4417
3718 4158
5356 9246
1053 6095
346 2987
4872 6533
5692 8824
260 3159
2494 5703
4576 5164
3176 7936
2927 7838
4370 7883
1880 3896
3147 5859
419 8820
2099 3540
6938 9986
2557 9061
4527 8841
5274 5297
7037 8889
4486 6697
7911 8285
7835 9613
3045 4711
2306 9062
3189 5482
5478 7581
1869 5093
5558 8387
266 6650
7543 8575
87 5276
504 9800
5649 8305
4049 6721
7174 9053
4946 6058
1729 8056
9443 9933
6521 7550
2933 7817
6829 9126
1668 4801
5221 9388
421 1346
2426 5309
170 2184
4808 9412
87 728
4632 4879
5790 7220
7012 9912
377 6248
684 1891
2332 9354
1788 5848
9206 9338
7182 8860
805 2168
882 5162
4015 9422
7565 9171
533 9913
2917 5433
2524 5157
2872 8803
3853 4803
3944 9607
3616 5236
4478 8911
1545 6388
3072 6181
649 5747
2713 3381
4618 5427
1920 7254
7509 8392
3514 8153
806 2053
6392 6675
4759 8121
335 6080
4225 5969
3523 9612
2551 3550
572 3739
1334 7508
6439 9357
478 6386
3476 7783
3550 5310
3643 5428
2243 2339
5469 9620
815 5271
77 4708
8502 9560
3268 9065
14 6045
3955 9389
2202 9944
4024 7657
6312 8936
3719 5726
724 5217
612 2931
612 6966
6857 7944
3558 9432
6579 8714
115 388
1302 7328
832 7291
1517 9445
4227 8890
573 6665
3023 5296
5664 8801
3665 4880
2753 6664
5863 7849
3903 9183
1935 8936
3796 7197
3265 9424
52 2364
1010 2966
2926 3110
514 1066
3779 5631
1331 4324
710 9125
8282 9386
5074 5563
4561 7015
3380 6293
7618 8344
6317 9359
828 2424
2143 6679
42 509
3518 6543
1846 9560
3172 5889
2002 8433
237 5917
4703 7155
4484 7263
2656 5519
3676 5088
6319 8271
2800 4433
345 855
54 3780
6556 9022
4246 8044
4720 7408
4300 5561
513 2573
497 948
3666 6088
3504 7874
677 9622
1347 2637
7254 9907
287 680
4304 9473
2329 7797
7610 8076
3861 8948
6826 7541
3605 5631
1926 4816
2115 7643
7935 9737
2938 3850
5303 8829
3310 9990
5216 8550
8818 9908
5000 7443
2424 3555
574 8193
374 3239
687 9228
1687 7865
3560 7749
1487 8472
5567 5724
6512 7847
370 5173
888 3743
1352 7652
7479 9106
489 2171
6705 7909
1220 3880
571 5559
53 4560
6130 8997
7618 8579
1252 3482
1753 6626
2541 6389
4877 9117
4249 5773
4985 9893
794 9409
9126 9605
834 5659
322 1350
182 895
5724 6001
874 1057
2532 7951
5276 9611
1832 2813
323 6954
672 9149
5001 5850
7745 8413
6001 8165
8119 9252
3616 6137
3454 9283
4624 7931
2224 5354
4015 4421
8473 9099
5160 8881
2991 7950
5718 6425
602 760
1840 6548
1239 4419
1740 8840
2771 5838
3850 6959
970 6052
4101 9259
8446 9097
6941 7517
1542 3862
6957 7777
4878 5835
4617 9004
6784 7303
2549 2854
7618 9611
6180 9178
2307 3168
842 7395
6227 7248
837 4802
4225 7418
4851 8060
8668 9003
2115 7320
2866 6750
5630 6381
15 2135
4465 9741
678 6858
470 5771
1924 3031
3794 5072
5649 9096
9144 9209
2754 4031
3562 8332
458 3940
5782 9745
2823 4473
531 9977
1148 7618
1612 3937
930 8504
7587 8548
665 1843
2322 9145
491 7427
3065 7627
3048 7357
1224 7777
1231 3602
3688 8862
451 6622
5161 6770
9451 9791
2053 9971
3869 7705
612 8553
206 2324
5172 8140
6999 8817
7170 8552
1243 4655
5569 9563
1852 6651
5719 7340
8251 9970
10 204
772 5730
3717 7928
9174 9938
5472 7752
1216 1600
1066 9457
7184 7642
2428 5788
2920 4114
2962 3355
3514 5729
7833 8826
4797 8740
8176 8834
2930 9373
4620 6379
5084 8271
6502 7244
867 2782
5355 6822
6565 7904
3715 7527
2369 9366
5163 8558
3066 5477
2750 3661
604 4366
352 1549
4206 8838
1466 5571
7726 8182
6308 8828
1689 3681
4061 9567
1998 5164
6629 6633
58 7447
1226 6350
5826 9848
7491 7544
3943 9598
4385 8807
1688 2274
835 3161
479 1752
465 1774
5860 6084
6088 8526
208 4714
3182 7800
3994 5567
