9
68
2 1 1 2 2 2 1 2 2 2 1 1 2 1 2 2 1 1 2 1 2 1 1 1 1 2 2 1 2 2 1 2 2 1 1 1 2 1 2 1 1 1 1 2 2 2 1 1 1 1 1 2 2 1 1 1 1 1 1 1 1 2 1 2 1 1 1 1
61
2 2 2 2 2 2 1 2 1 1 2 1 1 1 1 1 2 2 1 1 1 1 1 1 2 1 2 1 2 1 1 2 2 1 1 1 2 1 1 1 2 2 2 1 2 1 2 1 1 1 2 1 2 1 2 1 1 2 2 1 1
80
1 2 1 2 2 2 2 2 1 1 2 1 1 2 1 1 2 2 1 1 2 1 1 2 1 2 2 2 2 1 2 1 2 1 2 1 2 1 1 1 1 1 2 1 2 1 1 1 2 1 2 2 2 2 2 2 1 1 1 1 1 1 1 1 1 2 1 2 1 1 1 2 2 1 1 1 2 1 1 1
76
1 2 1 2 2 2 2 1 1 2 1 2 1 2 2 2 1 2 1 1 2 1 2 2 1 2 2 1 1 1 2 1 1 2 1 2 2 1 1 1 2 2 2 2 1 1 2 1 2 2 1 2 2 2 1 2 2 1 2 2 2 2 1 2 1 1 1 2 1 1 1 2 1 2 2 2
76
2 1 1 1 2 2 2 2 2 2 1 1 1 1 2 1 2 2 1 1 1 1 1 1 2 2 2 2 1 1 2 1 2 2 2 1 1 2 2 2 1 2 1 2 1 2 1 1 1 1 2 1 1 2 1 2 1 1 1 2 2 1 2 2 1 1 2 2 1 2 1 2 1 1 1 1
57
1 1 1 2 1 1 2 2 2 2 2 1 1 1 1 1 2 2 1 2 1 1 1 1 2 1 1 1 1 2 1 2 2 1 2 2 1 1 1 1 2 2 1 1 2 2 2 2 1 2 1 2 2 1 1 1 1
72
2 2 2 2 1 2 2 1 1 2 1 1 2 1 2 2 2 1 2 1 2 1 1 2 2 1 1 2 1 1 2 2 2 1 2 2 2 1 2 1 2 1 2 2 1 2 1 1 1 1 1 1 1 2 1 2 1 2 1 1 1 2 1 1 1 2 2 2 2 2 2 2
84
2 1 2 1 1 1 1 1 1 2 2 1 2 1 1 1 1 2 2 1 2 2 1 2 2 2 2 1 2 1 2 1 2 2 2 2 1 2 1 2 2 1 2 2 1 1 2 1 1 1 2 2 1 2 1 1 2 1 1 1 2 1 2 1 2 1 1 2 1 2 1 2 1 1 1 1 1 1 1 1 1 2 2 1
79
2 1 1 1 2 2 1 1 1 2 1 1 1 2 1 1 1 1 2 2 2 2 2 1 1 1 2 1 2 2 1 2 2 1 1 1 2 2 1 1 2 1 2 1 2 1 2 2 1 2 2 2 1 1 2 2 2 1 1 1 2 1 2 1 1 2 1 1 1 2 2 2 2 2 2 1 2 2 2
