9
89
1 2 1 1 2 1 1 1 1 2 2 1 1 1 2 2 1 2 2 2 2 2 1 1 2 1 1 1 2 2 2 2 1 1 2 2 1 1 1 2 2 2 2 2 2 2 2 2 2 1 1 2 2 1 2 2 1 2 2 1 1 1 1 1 1 2 1 2 2 2 2 1 2 1 1 2 2 1 2 1 2 1 1 2 1 1 1 2 2
55
2 2 2 1 1 1 1 1 2 2 1 2 2 1 2 1 2 2 2 2 1 1 2 2 1 2 2 1 2 2 1 1 2 1 2 2 2 2 2 2 1 1 2 2 1 1 1 2 2 2 1 2 2 1 2
58
2 2 1 1 2 1 2 2 1 1 2 1 1 1 1 2 1 2 1 1 1 2 2 1 1 2 1 1 2 1 2 1 2 2 1 2 2 1 1 1 1 1 2 2 1 2 1 1 1 2 1 2 1 1 2 2 2 1
97
2 1 2 2 1 1 1 2 1 1 2 1 1 1 2 2 2 1 2 1 1 1 1 1 1 2 2 1 2 2 2 1 1 2 1 2 1 2 1 1 1 1 2 1 1 1 1 2 2 2 2 2 2 2 2 1 2 1 2 1 1 2 2 2 2 2 2 1 2 1 1 2 1 1 2 2 2 1 1 1 2 2 1 2 2 2 2 1 2 1 1 2 1 2 2 1 2
60
2 1 1 2 2 2 2 1 2 2 2 2 1 2 1 2 2 1 1 2 2 1 2 2 1 1 2 1 2 2 1 1 1 1 2 2 2 2 1 1 2 2 1 2 2 2 2 2 1 1 2 1 1 2 1 2 1 1 2 2
102
1 1 2 2 2 1 1 2 2 1 1 1 2 1 2 2 1 2 1 2 2 1 1 2 1 2 2 2 2 1 1 1 1 2 1 1 1 1 2 2 2 1 1 2 1 2 1 1 1 2 2 2 1 2 1 2 1 1 1 2 1 1 2 1 1 2 2 1 2 2 1 2 1 2 2 2 2 1 1 1 1 2 2 1 1 1 2 1 2 1 1 1 1 1 2 2 1 2 2 2 2 1
75
2 2 2 1 2 2 2 1 2 1 2 1 1 1 1 2 2 1 1 2 1 2 1 1 1 1 2 2 1 1 2 2 2 1 2 1 1 2 2 1 1 1 2 1 1 1 1 1 1 2 2 1 1 2 2 1 2 1 2 2 1 2 2 2 1 1 1 1 1 1 2 1 2 1 1
51
1 1 2 1 1 1 1 1 1 2 2 1 1 2 1 1 2 2 1 1 1 1 2 2 1 1 2 1 1 1 1 2 1 1 2 2 1 1 1 2 1 2 2 1 2 2 1 1 1 2 1
51
2 1 1 2 1 2 1 1 2 1 1 1 2 2 1 1 1 1 1 1 1 1 1 1 1 1 2 2 2 1 2 1 2 2 2 1 2 1 1 1 1 2 2 2 1 1 1 1 1 2 1
