9
103
1 1 2 1 1 2 1 2 1 2 1 1 1 2 1 2 2 2 1 2 1 1 2 2 1 2 2 1 2 2 2 2 1 2 1 1 2 2 2 2 1 2 2 2 1 1 2 1 2 1 2 2 1 1 1 1 1 1 1 1 1 2 1 2 2 1 1 1 2 1 2 2 2 2 2 1 2 1 1 2 1 2 2 2 1 1 2 2 2 1 1 2 1 1 2 1 2 1 2 1 1 2 1
98
1 2 2 2 1 2 2 1 1 2 2 1 2 2 2 1 2 2 2 2 2 2 1 1 1 2 1 1 1 2 2 1 2 1 2 1 1 1 1 1 2 1 2 2 2 1 1 2 1 1 2 2 1 1 1 1 2 1 1 2 2 2 2 2 2 2 1 2 1 2 2 2 1 1 2 1 1 1 2 1 1 2 1 2 1 2 2 1 2 2 2 2 2 1 2 1 2 2
90
1 1 2 2 1 1 2 1 1 1 2 2 2 1 2 2 2 2 1 1 2 1 1 1 2 2 1 1 2 1 1 1 1 2 1 2 1 1 2 2 2 1 2 2 1 2 1 2 1 2 2 2 2 2 1 2 1 1 2 2 1 2 1 2 2 2 1 1 2 1 1 2 1 2 1 2 2 2 1 2 2 2 2 1 2 1 2 1 1 2
72
1 2 1 1 1 1 2 2 1 2 2 1 1 1 1 2 2 1 2 2 2 1 1 2 2 1 2 2 1 2 2 1 2 2 2 2 1 1 2 1 2 1 2 2 2 1 2 2 1 1 1 1 2 1 2 2 2 2 2 2 2 2 2 2 1 2 1 1 2 1 1 2
53
2 1 1 1 2 2 2 1 1 2 2 1 2 2 2 2 1 1 1 2 2 2 1 2 2 2 2 1 1 1 2 1 2 1 1 1 2 2 2 2 2 2 2 2 2 1 2 2 1 2 2 1 2
86
1 1 1 2 1 2 1 2 2 2 1 1 1 1 1 2 1 1 2 2 1 2 1 1 1 2 1 1 1 1 2 1 1 2 2 2 1 1 2 2 1 2 2 2 1 2 1 2 2 2 2 2 1 2 2 2 2 2 2 2 1 1 1 2 2 1 2 2 1 1 2 2 2 1 1 2 1 1 1 2 2 1 2 1 2 2
68
1 1 2 1 2 2 1 2 1 1 2 2 2 2 2 2 1 1 2 2 1 1 2 1 1 1 2 1 2 1 1 1 2 2 1 1 2 2 2 2 1 2 2 2 1 2 2 2 2 1 1 2 2 2 1 2 2 2 2 1 1 2 2 1 1 2 1 2
72
1 1 1 2 2 2 1 2 2 2 1 2 2 1 1 2 1 1 1 1 1 1 2 1 1 1 1 1 2 1 1 1 2 2 1 2 1 2 2 1 1 2 2 1 1 2 2 1 2 1 1 2 1 2 2 2 1 2 1 1 1 1 2 2 1 1 1 1 2 1 2 1
73
1 1 1 2 2 2 1 1 2 1 1 1 2 2 2 1 1 2 1 2 1 1 1 1 2 2 1 1 1 2 1 2 1 1 1 1 1 1 2 1 2 1 2 2 2 1 2 2 2 1 2 2 2 2 2 1 2 1 2 2 2 1 1 1 1 1 2 2 1 1 2 1 1
