10
60
1 2 2 2 1 1 2 1 2 2 1 1 2 1 1 1 1 2 2 1 2 1 1 1 1 2 1 2 2 1 2 1 1 1 1 1 2 2 2 2 1 2 2 1 1 1 1 2 1 1 1 1 2 1 2 2 2 1 1 1
78
1 1 2 2 2 1 1 2 2 1 2 2 1 1 2 1 2 1 2 1 2 1 1 2 1 1 2 2 1 1 1 1 2 1 2 2 1 2 2 2 2 2 2 1 2 2 2 1 1 1 1 1 2 2 2 2 2 2 2 2 2 1 2 1 1 1 2 1 2 2 2 2 2 2 1 2 1 2
57
2 1 1 2 1 1 1 1 1 2 1 1 1 2 1 1 2 2 1 1 2 1 2 2 2 1 2 1 2 1 2 1 1 1 1 1 2 2 1 1 1 2 1 1 2 1 2 1 2 2 2 1 2 1 2 1 1
60
2 1 1 2 2 1 2 1 1 1 1 2 2 1 2 1 2 1 1 2 1 1 1 2 1 2 2 2 1 1 1 2 2 2 1 1 1 1 2 1 2 2 1 2 2 2 1 1 1 1 2 1 2 2 1 1 2 1 1 1
73
2 1 2 2 1 2 2 2 1 1 2 2 2 2 1 2 2 1 1 1 1 2 1 1 1 2 1 1 2 2 2 2 2 1 1 1 1 2 2 2 1 2 2 2 2 1 1 2 2 1 1 2 1 1 2 2 2 1 1 1 1 1 2 2 1 2 2 2 2 2 1 2 2
86
2 2 2 2 1 2 1 1 2 1 1 1 1 2 1 2 2 2 2 2 2 2 2 1 1 2 1 2 1 2 1 1 1 1 2 1 1 2 2 1 1 1 1 2 1 2 2 1 1 1 1 1 1 1 1 2 2 2 2 1 2 2 2 1 1 2 2 2 1 1 2 1 2 2 2 2 2 2 1 1 2 2 1 2 2 2
80
1 2 2 1 2 1 2 1 1 2 2 1 1 1 2 2 2 2 2 2 1 2 1 1 1 1 1 2 1 1 1 2 1 2 2 2 2 1 1 2 1 2 1 1 1 2 2 2 2 2 2 1 1 1 2 2 1 1 2 1 2 1 1 1 1 1 1 1 1 2 2 1 1 1 2 1 2 2 1 1
61
2 1 1 2 1 2 2 2 1 1 1 2 2 1 2 1 2 1 2 2 1 2 2 2 1 1 2 1 1 1 1 2 2 1 2 2 1 2 2 1 2 2 1 2 2 2 2 2 1 2 1 2 1 1 2 1 1 2 1 2 2
52
1 2 1 1 1 2 2 2 1 1 2 2 1 1 1 2 2 2 2 2 2 2 1 2 1 2 2 1 2 1 2 2 1 2 2 2 2 1 1 2 2 1 2 2 2 1 2 2 1 2 2 2
65
1 2 1 1 1 2 1 1 2 2 2 1 1 2 2 2 1 1 1 2 1 2 2 1 2 2 2 1 1 2 1 2 2 1 1 2 2 2 1 1 1 2 1 1 2 1 1 1 2 1 1 2 1 1 1 1 1 1 1 1 1 2 1 1 1
