10
96
2 2 2 1 1 2 1 2 1 1 1 1 1 2 2 1 1 2 2 2 2 2 2 1 2 1 2 1 2 1 1 1 1 1 1 2 1 1 2 2 1 2 1 2 2 2 2 1 2 1 1 2 2 1 1 1 2 1 2 1 1 1 1 2 2 2 2 1 2 2 2 1 1 2 1 1 1 1 1 2 1 2 1 1 2 1 2 1 1 1 1 2 2 2 2 1
58
2 2 1 1 2 1 1 2 2 2 1 2 1 1 1 2 1 2 1 1 2 1 2 2 2 2 1 1 1 1 1 2 2 1 1 1 2 1 1 2 1 2 2 1 2 1 1 1 2 1 1 2 1 1 2 2 1 1
87
1 1 2 1 1 1 1 1 1 2 2 1 2 1 1 2 1 1 2 1 2 2 2 1 2 1 2 2 1 2 1 1 2 1 1 1 2 2 2 1 2 2 1 2 2 2 2 1 2 2 1 2 2 2 1 1 1 1 1 2 2 2 2 1 1 1 1 1 2 1 2 2 2 1 1 2 2 2 2 2 1 1 1 2 2 1 2
100
2 1 1 1 2 2 2 2 1 1 1 2 1 2 2 2 1 2 1 1 1 2 2 1 2 1 2 2 2 2 2 1 1 1 1 2 2 1 2 1 1 2 1 2 1 1 1 1 1 1 2 1 1 2 1 1 1 2 2 2 2 1 1 2 1 1 2 1 2 2 1 1 1 2 2 2 1 1 2 2 2 2 1 1 2 2 1 1 2 1 1 1 1 2 1 1 1 1 2 1
76
2 2 1 2 2 1 1 1 1 1 2 1 2 2 1 2 2 2 2 1 1 1 1 2 2 2 2 1 2 2 1 2 2 1 1 2 2 2 1 1 1 2 1 2 2 1 2 1 2 2 1 1 2 1 1 2 2 1 2 2 2 1 2 1 2 2 1 2 1 1 2 1 2 1 2 2
101
2 2 2 2 1 1 2 1 2 1 1 1 1 1 1 2 1 1 2 1 1 2 1 2 1 1 2 1 2 1 1 2 2 2 1 1 1 1 1 2 2 2 2 2 1 1 2 2 1 2 2 1 2 2 2 2 2 2 1 1 1 2 1 1 2 1 2 2 2 1 1 2 2 2 1 1 1 2 1 2 1 2 1 2 2 2 2 2 1 1 2 1 1 1 2 2 1 1 2 1 1
85
1 1 1 2 1 2 2 1 2 2 1 1 2 1 2 1 2 2 1 1 1 2 2 1 2 1 1 2 1 2 2 2 1 1 2 1 2 2 1 2 1 2 2 2 2 1 2 1 1 2 1 1 2 1 2 1 2 2 1 1 1 2 2 1 1 1 2 2 1 1 1 2 2 1 1 2 1 2 1 1 2 1 2 1 1
87
1 1 2 1 1 2 1 2 1 2 1 2 1 2 2 1 1 2 1 2 2 2 2 1 1 1 2 2 1 2 2 2 2 1 2 1 1 1 2 1 1 1 2 1 1 2 1 1 1 1 2 1 1 2 1 1 2 2 1 2 1 2 2 2 2 1 1 2 2 2 2 1 1 1 2 2 1 2 1 1 1 2 2 2 2 2 2
71
1 1 2 1 1 2 1 2 2 1 2 2 1 2 1 1 1 2 2 1 2 1 1 2 2 2 2 2 1 1 1 2 2 2 2 2 2 1 2 2 2 1 2 1 2 2 2 2 2 1 1 2 1 2 2 1 2 2 1 1 2 2 2 2 1 1 1 2 2 1 2
61
2 2 1 2 2 2 1 2 2 2 1 2 1 2 1 2 1 2 2 2 1 2 1 1 1 1 1 2 2 2 2 1 2 2 2 1 2 2 2 2 2 1 1 1 2 2 1 1 1 2 2 1 2 1 1 1 2 2 1 2 2
