8
108
1 2 1 1 1 2 1 1 1 1 2 2 1 1 2 1 1 1 2 2 1 2 2 1 1 1 1 2 2 2 2 2 2 1 1 1 1 2 1 2 2 2 1 2 2 2 2 1 1 1 1 2 2 1 1 2 2 2 1 1 1 2 1 2 1 2 1 2 1 1 2 1 1 2 2 1 1 2 1 2 1 2 1 1 2 1 2 2 2 2 2 2 2 1 1 1 2 2 1 1 1 2 1 1 1 1 2 1
73
2 2 2 1 1 2 1 2 1 1 1 1 2 2 2 1 1 2 1 2 2 1 2 1 2 2 2 2 1 1 2 2 2 2 2 1 2 2 2 2 2 1 1 1 1 1 1 2 1 2 2 2 1 1 2 2 2 2 1 1 2 2 1 1 2 2 2 2 2 2 2 2 2
75
2 1 2 2 1 2 2 1 1 1 2 1 1 1 1 1 2 2 1 1 2 2 1 2 2 1 2 2 2 2 1 2 2 2 1 2 2 1 1 2 2 1 1 2 1 2 2 2 2 1 1 1 1 2 1 1 1 2 1 1 1 2 1 2 1 1 2 2 1 1 2 2 2 1 1
49
1 1 1 1 2 1 2 1 2 1 1 2 2 1 1 2 1 1 1 2 1 1 2 1 1 2 1 2 2 2 1 1 1 1 1 1 1 1 2 1 1 1 1 2 1 1 2 2 1
71
1 2 1 1 1 2 1 1 1 2 1 1 1 2 2 2 2 1 1 1 1 2 1 1 2 1 1 1 2 2 2 2 2 2 2 2 2 2 1 1 1 2 1 2 2 1 1 1 2 2 1 1 1 1 1 1 1 1 2 1 1 2 1 1 2 1 2 2 1 2 1
70
2 1 1 2 2 2 2 2 2 2 1 1 1 2 1 1 2 2 2 2 2 2 1 2 1 1 1 1 1 2 1 1 1 1 1 1 1 2 1 2 1 2 2 1 1 2 1 2 2 2 2 1 2 2 1 2 2 2 2 2 1 1 2 2 1 1 2 2 2 2
73
2 1 2 2 2 1 2 2 1 2 1 1 1 1 1 2 1 2 2 2 2 1 2 2 2 2 1 1 1 1 2 1 1 1 1 2 2 1 1 2 2 1 1 2 1 2 1 2 1 1 1 1 1 2 1 1 2 1 2 2 1 2 1 1 1 1 2 1 1 1 2 1 1
80
1 2 1 2 2 1 2 2 2 2 2 1 2 1 1 1 1 2 2 1 2 2 1 1 1 1 1 1 1 2 1 2 2 2 2 2 1 1 2 2 2 2 1 2 1 2 1 1 1 2 2 1 2 1 1 1 2 1 2 1 2 2 2 2 1 1 1 2 2 2 2 1 2 1 2 2 1 2 1 2
