7
86
2 2 2 1 1 2 2 2 2 2 1 2 1 2 2 2 2 2 2 1 2 2 1 1 2 2 1 2 2 2 2 1 1 1 2 2 1 1 2 2 1 1 1 1 2 2 2 1 1 1 2 2 2 1 1 2 2 1 1 1 1 1 2 2 1 2 2 1 1 1 1 1 1 2 1 1 2 2 2 1 2 1 1 2 1 1
71
1 1 2 2 2 1 2 1 1 1 1 2 2 2 2 2 2 2 2 1 2 2 2 1 2 2 2 1 2 1 1 2 2 1 1 2 1 1 1 1 2 1 2 2 1 1 2 2 1 1 1 1 1 1 1 1 2 2 2 1 2 1 2 1 2 1 2 2 2 2 2
72
1 1 2 1 2 1 2 2 2 2 2 2 1 2 1 2 1 2 1 2 1 1 1 2 2 1 2 1 2 2 2 2 1 1 2 2 2 1 1 2 2 1 1 1 1 2 2 1 2 1 2 1 2 1 2 1 2 1 1 2 2 2 2 1 2 2 1 2 2 2 1 2
86
1 2 2 1 1 1 2 2 2 2 1 1 2 2 1 1 2 2 2 1 1 2 1 1 1 2 1 1 2 1 2 1 2 2 2 1 2 2 2 2 1 1 2 2 1 1 2 2 1 1 1 2 1 1 2 1 2 2 1 2 1 1 2 1 2 2 2 1 1 1 1 1 1 2 1 1 1 2 2 1 1 1 2 1 1 1
92
1 1 2 1 2 2 1 2 2 2 2 1 1 1 1 1 1 1 1 1 2 2 2 2 2 1 1 2 2 2 1 2 1 2 2 2 1 1 1 1 2 2 2 2 1 2 2 2 1 1 1 2 2 2 1 1 1 1 2 2 2 1 2 1 2 2 2 1 1 2 1 1 2 1 2 2 2 1 2 1 1 1 1 1 2 2 1 1 1 1 2 1
91
1 1 2 2 1 1 2 2 2 1 2 2 1 2 1 2 2 2 2 2 1 1 1 1 1 1 1 2 1 1 2 1 2 2 1 1 1 1 2 2 1 1 1 2 1 1 2 2 2 1 1 1 2 2 2 1 2 2 1 1 1 2 1 1 2 1 2 1 2 2 2 2 1 1 2 1 2 2 2 2 1 1 1 2 1 1 2 1 2 2 2
50
2 2 1 1 2 1 1 2 1 2 1 1 2 2 1 1 1 2 1 1 1 1 1 1 2 2 1 1 1 1 1 1 1 2 1 1 2 1 1 1 2 1 2 2 1 2 1 1 2 1
