9
52
1 2 2 1 1 2 1 2 1 2 2 2 2 2 2 2 2 1 2 2 2 2 2 2 1 1 2 1 1 2 1 2 2 2 2 2 1 1 1 1 2 1 1 1 2 2 2 2 2 1 2 2
100
2 2 1 2 1 2 1 2 1 1 1 2 2 1 2 1 2 2 2 2 1 2 1 1 1 2 1 1 1 2 2 2 1 1 2 1 2 2 2 1 2 1 1 2 2 2 1 1 1 2 2 1 2 1 1 2 2 2 2 1 1 1 1 1 1 2 2 2 2 1 2 2 2 2 2 2 1 2 1 2 2 2 1 1 2 2 1 1 1 2 2 1 2 1 2 2 1 1 2 2
94
1 2 2 2 1 2 2 2 2 1 1 2 1 2 1 1 1 2 1 2 2 1 2 2 1 1 1 2 1 2 2 2 2 2 1 1 1 2 2 1 2 1 1 1 1 2 2 1 1 1 2 2 2 1 2 2 1 1 1 2 2 1 1 1 1 1 1 2 1 2 2 2 1 2 2 1 1 2 1 1 1 2 1 2 2 1 2 2 2 2 2 1 2 2
93
2 1 1 2 2 1 2 1 2 2 1 1 1 1 2 2 1 2 1 1 1 2 1 1 2 1 1 1 1 1 2 1 2 1 1 1 2 1 1 1 2 1 2 2 2 2 1 2 2 1 2 2 1 2 2 2 2 2 1 1 1 1 1 2 2 1 1 2 2 1 1 2 2 2 2 1 1 2 1 1 2 2 1 2 2 1 1 2 2 2 1 2 2
68
1 1 1 1 2 2 1 2 2 1 1 2 1 1 1 1 1 1 2 1 2 2 1 2 2 2 2 2 2 1 1 2 2 1 2 2 1 2 1 2 2 1 2 1 2 1 2 2 1 2 1 2 2 2 1 2 2 2 2 1 2 1 1 2 2 2 1 2
73
2 2 1 1 2 1 1 1 2 1 1 1 2 2 1 1 1 2 2 2 1 2 2 2 2 1 1 1 2 2 1 2 1 1 1 2 1 2 1 1 2 1 2 2 1 1 1 2 2 1 1 1 2 2 2 2 2 2 2 2 1 2 1 2 1 1 2 2 2 2 2 2 2
89
1 2 1 2 1 1 2 1 1 2 1 1 2 1 1 1 1 1 2 1 2 2 2 1 1 2 1 1 2 2 1 2 2 2 1 2 2 2 1 2 1 1 2 2 1 1 1 1 1 2 1 2 1 1 2 2 2 1 1 2 2 2 1 2 1 1 1 2 2 1 2 2 1 1 2 2 1 2 2 1 2 2 2 2 2 2 1 1 2
78
2 2 1 2 2 2 1 1 2 1 2 2 2 2 1 2 1 2 1 1 1 1 2 2 2 2 1 2 1 1 2 2 1 2 2 1 2 1 2 2 1 1 2 1 1 2 2 2 1 2 2 2 2 1 1 1 2 1 1 1 2 2 2 2 2 1 2 1 1 2 1 2 2 1 2 1 1 2
58
2 2 1 1 1 1 2 1 2 2 1 2 1 2 2 2 1 2 1 2 2 1 2 1 1 1 2 2 2 1 1 2 1 1 2 1 2 2 1 2 2 2 2 1 2 1 2 2 1 2 2 1 2 2 2 1 2 2
