7
88
1 1 2 1 2 2 2 2 1 2 2 2 2 2 1 2 2 1 2 2 1 1 2 1 1 1 2 1 2 1 1 1 1 1 1 2 1 1 1 2 2 2 2 1 2 2 1 2 1 2 2 1 1 2 2 1 2 2 1 2 1 2 1 2 1 1 2 1 1 1 1 2 1 2 2 2 2 2 1 1 2 2 2 2 1 1 2 2
52
1 1 1 2 1 1 1 2 1 2 2 2 1 2 1 2 1 1 1 1 2 2 2 1 1 1 2 1 1 2 1 1 1 2 1 1 1 1 2 2 1 1 2 2 2 2 1 1 1 1 1 1
54
1 1 2 2 1 1 2 2 1 2 2 1 1 1 1 2 1 2 1 1 1 1 2 1 2 2 1 1 1 2 1 1 2 2 1 1 1 1 1 1 2 2 1 2 1 2 1 1 1 2 2 1 2 1
61
2 2 2 2 1 2 2 1 2 1 1 1 1 1 2 2 1 1 2 2 2 2 2 2 2 1 1 2 1 2 1 1 1 2 1 2 1 1 2 1 2 2 1 1 2 2 1 2 1 1 2 2 2 2 2 1 2 1 1 2 2
70
1 1 1 1 1 2 1 2 1 2 1 1 2 2 1 1 2 2 1 2 1 1 2 2 1 1 1 2 1 2 2 2 2 2 1 2 1 1 2 2 1 2 2 1 1 1 2 1 2 1 1 1 1 1 1 2 1 1 2 2 2 1 1 2 1 2 1 2 1 1
76
1 2 2 1 1 2 2 2 1 2 2 1 1 1 1 1 2 1 1 1 1 1 2 1 1 1 1 1 2 1 2 1 2 1 2 1 2 2 1 1 2 1 1 1 2 1 1 2 2 2 1 2 1 2 2 2 1 2 2 1 1 2 1 1 2 1 1 2 2 2 1 2 1 1 2 1
73
1 2 2 2 2 2 2 1 1 1 2 2 1 2 2 1 2 2 2 1 1 1 1 1 1 1 2 2 1 2 2 2 1 2 1 1 2 1 1 1 1 1 1 2 1 2 1 2 2 2 2 1 1 2 2 1 2 1 1 2 1 1 1 2 2 1 2 1 1 2 1 1 1
