9
79
2 1 2 1 2 2 2 1 2 1 1 2 2 2 1 2 2 1 2 1 2 2 1 1 2 1 1 2 2 2 1 2 1 1 2 1 1 1 1 1 2 1 2 2 1 2 2 1 2 2 2 1 2 1 2 1 1 2 2 2 1 2 1 2 1 1 2 2 2 1 2 1 2 1 2 1 2 1 2
87
2 1 1 1 2 2 1 2 1 1 2 2 2 2 2 2 1 2 1 1 1 1 2 1 2 2 1 1 1 2 1 2 1 1 1 2 2 1 2 2 2 1 2 1 1 1 2 1 1 1 2 2 2 2 2 2 1 1 1 1 2 1 1 1 2 2 2 2 1 2 2 1 1 1 1 1 1 1 1 2 2 1 1 1 1 1 1
78
2 1 2 1 2 1 2 1 2 2 2 1 2 1 2 2 1 1 1 1 2 1 1 1 2 1 1 2 1 1 2 1 1 1 2 1 1 1 1 1 1 1 2 2 1 2 2 1 2 2 1 2 2 1 1 1 2 1 2 2 2 1 2 1 1 2 2 1 1 1 1 1 2 2 1 2 1 1
94
1 2 2 2 1 1 2 2 1 1 1 1 1 1 1 1 2 1 2 2 1 2 2 2 2 1 2 2 1 2 2 1 1 2 2 2 2 1 2 2 1 1 1 2 1 1 1 2 1 1 1 1 2 2 2 1 2 1 1 2 1 2 2 1 2 2 1 1 2 1 1 2 2 2 2 1 2 1 2 2 2 1 1 1 1 1 2 2 1 2 2 1 2 2
64
1 2 2 2 2 1 1 1 1 1 1 1 1 2 2 1 1 1 2 1 1 1 2 2 1 1 1 1 1 1 1 2 1 2 1 1 2 2 2 2 1 2 2 1 1 2 2 1 2 1 1 1 1 2 1 1 1 2 1 2 1 2 1 1
70
1 2 1 2 2 2 2 1 2 2 1 2 1 2 1 1 1 1 1 1 2 2 2 1 2 2 1 1 1 2 1 2 2 2 2 2 1 2 2 1 2 1 2 2 2 2 2 1 1 2 2 2 2 1 1 1 2 2 1 2 1 1 2 2 2 2 2 2 1 2
81
2 1 2 1 1 2 1 1 2 1 2 2 1 1 1 2 2 1 1 2 1 1 1 2 1 1 1 2 2 2 1 1 2 2 2 2 1 1 2 1 1 1 1 2 1 2 2 2 1 2 2 2 1 1 2 2 1 2 1 1 1 2 1 2 2 1 2 1 2 1 2 1 1 1 2 1 1 1 1 2 1
104
1 1 1 2 1 2 1 2 1 1 2 1 1 1 1 1 2 1 1 2 2 2 1 1 1 2 1 1 2 2 2 2 1 1 2 1 2 2 1 1 2 1 1 1 2 2 2 1 1 2 2 1 1 1 1 2 2 1 1 2 2 2 1 2 1 2 2 2 2 1 2 2 1 1 2 2 1 2 1 2 1 2 1 1 2 2 2 2 1 1 2 2 1 2 2 1 2 2 2 1 2 1 1 2
58
1 2 1 2 1 2 1 2 1 2 2 2 2 1 1 1 1 1 2 2 1 1 2 2 1 1 2 2 1 1 1 1 1 2 1 1 2 2 1 1 2 2 1 2 1 1 2 1 1 1 1 2 1 1 2 1 2 1
