7
114
1 1 1 2 2 2 1 2 2 1 2 1 1 2 1 2 2 2 1 1 2 1 2 2 2 2 2 1 2 1 1 2 2 1 1 2 1 1 2 2 1 1 2 1 2 1 1 2 1 2 2 2 1 2 1 2 2 1 1 2 2 1 1 1 1 1 2 2 2 1 2 2 2 1 1 2 1 2 1 1 1 2 2 1 1 2 2 1 1 1 2 2 1 1 2 1 1 2 1 2 1 2 2 2 2 2 1 2 2 1 2 1 2 2
62
2 1 2 1 1 1 2 2 2 2 1 1 1 2 2 1 1 2 2 1 2 2 2 1 1 2 1 2 1 2 2 2 1 1 2 2 2 2 1 1 1 1 2 2 2 1 1 2 2 2 1 2 2 2 1 1 1 2 2 1 2 2
97
1 1 1 1 2 2 2 2 2 1 2 1 1 1 2 2 2 1 2 1 2 1 1 1 2 2 1 2 1 1 1 2 1 1 1 2 1 2 2 1 2 1 2 1 2 2 1 1 2 2 2 2 1 1 2 1 1 2 1 2 1 2 2 1 1 2 2 2 2 2 2 2 1 2 1 2 1 2 1 2 2 1 1 1 2 2 1 1 1 1 1 1 2 1 2 2 1
101
2 1 1 1 1 1 1 2 2 1 1 2 1 2 2 2 1 1 1 1 2 1 2 1 1 2 1 2 1 2 2 1 1 2 2 2 2 2 2 2 1 2 2 1 1 1 2 2 2 1 1 2 1 2 1 1 1 1 1 2 2 1 2 2 2 2 2 1 1 1 2 1 2 1 1 2 1 1 1 2 2 1 2 2 2 2 1 1 2 1 2 1 1 1 1 2 1 1 2 1 1
57
1 1 2 1 1 1 1 1 1 1 2 2 2 2 1 2 2 1 1 2 2 2 1 2 1 1 2 2 1 1 1 1 2 2 2 1 1 1 2 2 1 2 1 2 1 1 1 1 2 1 1 2 2 1 1 2 1
88
2 2 2 2 2 1 1 2 2 2 2 2 2 1 2 1 1 2 1 2 1 2 1 2 2 1 2 2 2 2 1 2 1 2 2 1 2 1 1 1 2 2 1 2 2 1 2 1 1 1 1 1 1 1 1 2 2 1 2 2 1 2 2 1 2 2 2 1 1 1 1 2 2 1 1 2 2 1 2 1 2 2 1 2 2 2 1 2
97
1 1 1 1 2 1 1 1 1 2 2 2 2 2 1 1 1 1 2 1 1 1 2 2 1 2 2 1 2 2 1 1 1 1 2 1 2 2 1 2 2 2 1 2 2 1 1 2 2 1 2 1 1 1 2 2 1 2 1 1 1 2 2 2 1 2 2 1 1 2 2 1 2 1 2 2 2 1 1 2 1 1 1 2 2 2 1 1 1 1 1 2 2 2 2 2 2
