7
53
2 1 1 1 2 1 2 2 1 1 2 2 1 1 2 1 2 1 2 1 1 1 2 1 1 1 2 1 2 1 2 1 1 1 1 2 2 1 2 1 2 2 1 2 1 1 1 1 1 1 2 1 1
77
1 2 1 2 2 2 2 2 2 1 1 1 1 1 2 2 2 2 1 2 2 1 2 1 2 2 2 2 1 2 2 1 1 1 1 1 1 2 1 2 2 2 1 2 1 1 1 1 1 2 1 2 1 2 1 2 2 1 1 2 1 2 2 2 2 2 1 2 1 1 1 1 2 2 2 1 2
64
2 1 2 2 1 2 1 2 2 1 1 1 1 2 2 1 1 1 2 1 1 2 1 2 2 1 2 1 1 1 2 1 1 2 2 2 1 2 1 2 1 1 2 1 1 1 1 2 1 1 1 2 2 2 2 2 2 1 1 2 2 1 1 1
54
2 2 1 2 2 1 2 1 2 1 2 2 2 2 2 2 1 2 1 2 1 1 2 1 2 2 2 1 1 2 1 2 2 2 2 1 1 1 2 2 1 2 2 2 2 1 1 2 2 2 1 1 1 2
92
1 1 1 2 2 1 1 2 1 1 1 1 1 1 2 1 1 1 2 2 2 2 2 1 2 2 2 2 2 1 2 2 1 2 1 2 2 2 2 1 1 1 2 1 1 1 1 2 1 2 2 2 1 2 1 2 2 1 1 2 1 2 2 2 1 1 1 2 1 1 2 2 2 2 2 1 1 2 2 2 1 1 2 1 2 1 1 1 2 1 1 1
92
2 2 1 1 1 1 1 2 1 1 1 1 2 1 1 2 2 1 2 1 2 1 1 2 1 1 1 2 2 1 1 1 2 2 1 1 2 1 2 1 2 2 2 2 1 2 2 1 1 2 1 2 2 2 2 1 1 1 2 2 1 1 2 2 1 1 2 2 2 2 1 2 1 1 2 1 2 1 1 2 2 1 2 2 2 1 1 2 2 2 1 2
73
2 1 1 1 2 1 2 2 2 1 2 2 1 2 1 1 2 2 2 2 2 2 2 2 1 1 2 1 2 1 1 2 2 2 2 2 1 2 1 1 2 1 2 2 1 1 1 2 2 1 1 2 2 1 1 1 1 2 2 2 1 1 1 1 2 2 2 2 2 1 2 2 2
