7
98
2 2 1 2 1 1 1 2 2 2 2 1 2 1 1 2 2 1 2 2 1 1 1 2 1 1 2 2 1 2 2 1 1 2 2 2 1 1 1 2 1 2 2 1 2 2 2 1 1 1 1 2 1 2 1 2 1 2 2 2 1 1 1 2 1 1 1 1 1 1 2 1 2 2 2 2 2 1 2 1 1 1 1 1 2 2 1 1 2 2 2 2 2 1 1 1 2 1
92
1 1 1 1 2 2 1 1 1 1 2 2 1 1 1 2 1 2 2 2 2 1 2 2 2 1 1 1 2 2 2 2 2 1 2 1 1 1 1 2 1 2 1 2 1 2 2 1 2 2 1 1 1 2 1 2 2 1 1 1 1 1 2 2 2 1 1 2 2 2 1 2 2 2 2 1 1 2 2 2 2 1 1 1 2 1 1 2 2 1 2 2
53
2 2 2 1 1 2 1 1 1 2 1 1 1 2 2 2 2 2 1 2 2 2 1 2 1 1 2 1 2 2 1 2 2 2 2 2 2 1 2 1 2 1 2 1 1 2 2 2 2 2 1 2 2
55
2 1 1 2 1 1 1 1 1 2 1 2 1 2 2 1 2 1 2 1 2 2 1 1 1 1 1 2 1 1 1 2 2 2 1 1 1 1 2 1 2 1 2 1 1 2 1 2 2 1 2 1 2 1 1
49
2 1 1 2 1 1 1 1 1 1 1 1 1 1 1 2 1 1 2 1 1 1 2 2 1 2 1 1 1 2 2 1 1 1 2 2 2 2 2 1 2 1 1 1 1 2 1 1 1
76
2 2 1 2 1 2 1 1 1 2 2 1 2 1 1 2 1 2 1 2 1 2 1 2 1 1 2 2 1 2 1 2 2 1 1 1 1 2 2 2 1 1 1 2 1 2 1 2 2 1 2 1 1 2 1 2 2 1 1 1 1 2 2 2 1 1 2 1 1 2 1 1 1 1 1 1
70
1 2 1 1 2 1 1 1 1 1 1 1 1 1 2 1 1 2 2 2 1 2 2 2 1 2 2 1 2 1 1 1 2 2 2 1 1 2 2 2 1 2 2 1 1 2 1 1 2 2 1 1 2 2 2 1 2 2 2 1 2 2 2 1 1 2 1 1 2 2
