7
108
1 2 1 2 2 1 2 1 2 1 2 2 2 1 1 1 1 1 2 1 1 2 2 2 1 2 2 1 1 1 1 2 1 1 2 1 1 2 2 1 1 2 2 2 2 1 1 1 2 1 1 2 2 2 1 2 2 1 1 2 1 1 1 2 2 1 2 2 2 2 1 2 1 2 1 2 1 1 1 2 1 2 2 2 2 1 1 2 2 1 2 1 1 1 2 2 1 2 1 1 2 2 2 1 2 1 1 1
101
2 1 1 2 1 2 2 1 2 2 1 2 1 2 2 1 2 2 2 2 2 1 2 1 1 1 2 1 1 1 1 1 2 2 2 2 2 1 2 1 1 2 2 2 1 1 2 1 2 1 1 1 2 1 1 2 1 2 1 2 2 1 1 2 1 2 1 2 1 2 2 1 2 1 1 1 2 2 1 2 1 1 2 2 2 1 2 1 1 1 2 2 1 2 1 1 2 1 1 1 1
84
1 1 2 2 2 1 2 1 2 2 2 1 2 2 1 2 1 2 1 2 1 2 1 1 1 1 2 2 1 1 2 1 1 1 1 2 1 2 2 1 2 1 2 2 1 1 1 1 2 2 1 2 1 1 1 2 2 2 2 2 2 1 1 2 1 2 2 2 2 1 2 1 1 1 1 2 1 1 2 1 1 2 1 1
79
1 2 2 2 2 1 1 1 1 2 2 1 1 2 1 2 2 2 1 1 2 1 1 2 2 2 2 2 1 1 1 2 2 2 1 1 2 1 2 1 1 2 1 1 1 2 1 2 2 2 1 1 1 1 1 1 1 1 1 2 2 1 1 2 2 2 1 1 1 2 1 1 2 1 1 1 1 2 1
66
1 1 1 2 2 1 1 1 1 1 1 1 1 2 2 2 2 2 2 1 2 1 2 1 2 1 2 1 1 2 2 2 1 2 2 2 2 2 2 2 1 2 1 2 1 2 1 2 2 1 1 2 1 2 1 1 1 2 2 1 2 2 2 1 2 2
94
2 1 2 1 1 1 2 2 1 2 1 1 2 2 1 1 2 2 2 1 2 1 2 2 2 1 1 2 2 1 1 1 1 2 2 1 2 1 1 1 1 1 2 1 1 2 2 2 2 2 1 2 1 2 2 1 1 1 1 2 2 2 2 1 2 1 2 2 1 1 2 1 2 1 1 1 1 1 1 1 2 2 1 2 1 2 2 1 2 2 2 2 2 2
59
1 2 2 1 1 2 2 1 2 2 2 1 1 2 1 1 1 2 2 2 1 1 2 2 2 2 1 2 1 1 1 2 2 2 1 2 1 2 1 2 1 2 1 2 1 2 1 1 2 1 2 2 2 2 1 2 1 2 2
