9
88
1 2 1 1 1 1 2 1 1 2 1 1 2 1 1 1 2 1 2 1 1 2 1 1 2 1 2 1 1 2 1 1 2 2 2 2 1 1 2 2 2 1 2 1 1 1 1 1 1 2 2 1 2 2 1 2 2 1 2 2 2 2 1 1 2 2 1 1 1 2 2 1 2 1 1 1 2 1 1 2 1 1 1 1 2 2 1 1
64
1 2 2 1 2 1 1 2 2 1 1 2 2 1 2 1 1 2 2 1 2 2 2 1 2 2 1 1 1 2 2 1 2 2 2 1 1 2 2 2 2 2 2 2 1 1 1 2 2 1 2 1 2 1 2 2 1 1 1 1 2 1 2 2
55
2 2 2 2 1 1 1 1 2 1 2 1 1 1 2 2 2 1 2 2 1 2 2 1 2 1 2 1 2 2 2 2 1 2 2 1 2 2 1 2 1 1 1 2 2 1 2 2 2 1 2 2 2 1 2
91
1 2 2 2 1 2 1 1 1 1 2 2 1 1 1 1 1 2 2 2 1 2 1 2 1 1 1 2 1 2 1 1 2 2 2 2 1 1 2 2 1 2 2 2 2 2 2 1 1 1 1 1 1 1 1 2 1 2 1 1 1 1 2 1 2 2 2 1 2 2 2 2 2 2 1 1 2 1 1 2 1 2 1 1 2 2 2 2 2 2 2
84
2 1 1 1 1 1 1 1 1 1 2 2 1 1 1 1 2 1 2 1 1 2 2 1 1 2 2 1 2 2 1 1 1 2 2 2 2 2 2 2 2 2 1 2 2 1 1 2 2 2 2 2 1 2 2 1 1 1 1 1 2 1 2 2 2 1 2 2 2 1 2 2 1 2 1 2 1 2 1 2 1 2 1 2
83
1 1 2 1 2 2 2 2 1 1 1 2 2 2 1 2 1 1 1 2 1 2 2 1 1 2 1 1 1 2 1 1 2 2 2 2 1 2 2 2 1 2 1 1 2 2 2 2 2 1 2 2 2 1 1 1 1 1 1 1 1 1 2 1 1 2 2 2 1 1 1 2 1 1 2 2 2 1 2 1 1 1 1
72
1 1 2 2 1 2 1 2 1 1 1 2 1 2 1 1 1 2 2 1 1 2 2 1 2 2 2 1 2 1 2 1 2 1 2 1 1 1 2 1 2 1 1 2 1 2 2 2 2 2 1 1 1 2 1 2 1 1 1 1 2 2 2 2 1 1 1 1 1 1 2 1
59
2 1 2 2 2 2 2 2 1 1 1 1 2 1 2 1 1 2 2 2 2 1 1 1 2 2 1 2 1 1 2 2 1 1 1 2 2 2 2 1 2 1 1 1 2 2 1 1 2 1 2 1 2 2 1 2 2 2 2
52
1 1 2 1 2 1 2 1 2 1 2 1 1 1 1 1 1 2 1 2 1 1 2 1 1 2 2 1 1 2 2 2 1 1 2 1 1 1 1 1 1 2 1 1 2 2 1 1 1 2 2 1
