8
100 4
37 81
41 60
56 2
78 4
100 8
3 25
10 15
19 74
22 20
22 57
34 7
55 79
98 55
100 16
3 77
20 35
38 17
49 73
57 75
58 54
70 19
72 6
72 30
78 44
85 57
87 1
87 92
90 29
92 4
95 66
100 28
7 10
17 63
19 3
19 11
19 66
25 84
34 76
38 60
41 87
43 1
45 57
49 12
58 10
59 56
62 12
64 40
67 81
69 49
71 10
72 22
73 24
75 2
82 50
83 28
85 95
88 87
89 71
92 3
100 26
1 22
20 29
23 9
31 88
33 3
34 60
34 70
41 44
42 41
49 15
49 65
56 36
63 36
66 1
66 30
72 27
72 28
72 68
73 48
73 55
75 29
82 15
85 43
85 51
92 41
97 31
100 32
4 93
8 2
12 8
16 92
17 24
18 24
22 32
30 6
40 48
40 52
41 37
41 46
42 81
49 8
49 88
51 19
54 13
56 28
60 44
65 6
72 84
73 59
73 71
75 45
77 12
80 35
82 18
82 21
84 60
85 65
89 62
96 1
100 18
13 29
17 81
20 33
23 16
28 32
29 52
29 62
36 23
36 49
36 96
38 1
51 65
70 63
82 6
84 0
91 54
92 16
92 84
100 44
2 22
8 7
16 33
22 73
23 64
25 88
27 32
30 22
34 48
35 94
43 33
52 44
55 33
56 64
57 33
58 2
58 59
59 30
63 7
67 2
67 13
68 37
70 80
70 90
71 92
75 0
76 13
76 71
76 89
80 7
82 31
82 65
83 7
85 92
85 95
86 5
88 46
88 62
90 99
91 24
92 46
93 75
95 79
98 52
