8
200 196
1 27
5 111
5 168
6 57
9 88
9 126
9 152
16 13
18 78
19 11
19 84
19 135
19 157
21 27
26 99
26 160
28 18
29 168
31 4
33 105
36 105
41 21
41 122
43 3
45 31
46 40
46 68
46 105
46 157
47 18
47 70
47 107
48 74
48 137
50 30
52 27
52 36
52 157
55 157
56 68
58 68
61 140
61 198
62 10
64 77
67 17
67 131
68 90
70 74
71 106
72 143
75 168
76 68
76 89
79 114
79 184
79 190
80 115
80 132
80 157
80 189
81 32
83 21
84 199
85 63
87 27
88 84
89 78
93 35
93 73
93 143
93 159
95 169
96 90
96 186
100 96
100 145
100 188
100 193
101 17
101 46
101 86
101 146
103 26
104 86
104 106
106 31
108 52
109 58
109 72
109 84
109 138
109 184
111 4
112 17
112 69
112 183
114 24
115 33
116 14
116 55
116 105
116 108
117 69
118 137
119 24
119 188
120 137
121 92
122 22
122 51
123 35
124 180
125 114
125 183
125 184
127 30
127 151
127 189
128 1
128 77
130 190
131 20
133 108
133 147
134 83
135 88
136 94
138 92
141 12
142 78
142 140
142 185
143 184
145 36
145 55
145 68
146 41
148 7
149 103
153 25
153 34
153 83
154 27
154 151
154 157
155 85
156 57
156 86
158 126
158 154
161 61
161 176
164 53
164 119
165 160
165 195
167 186
170 71
171 39
173 109
175 26
176 16
176 76
176 108
177 3
177 17
177 131
178 74
179 165
179 190
180 38
180 134
181 4
181 15
181 149
183 138
185 21
187 82
188 101
188 187
189 32
189 105
190 51
191 54
193 20
193 66
194 73
194 121
195 41
195 126
195 134
196 48
197 120
197 170
199 34
200 401
0 37
2 34
2 134
4 14
4 44
7 41
7 119
10 26
10 133
11 5
11 18
11 19
11 34
11 65
11 73
11 171
12 26
12 51
12 96
15 63
15 128
17 36
17 79
17 132
17 136
17 148
17 186
17 196
19 79
21 62
23 12
23 73
23 100
23 167
24 3
24 22
24 150
27 2
27 85
27 131
27 178
27 184
28 1
28 37
28 38
28 110
29 1
29 25
29 109
31 54
32 30
35 151
36 25
36 34
36 85
37 34
39 3
42 5
43 8
45 18
45 19
45 37
45 108
45 198
47 170
49 36
49 133
50 52
54 132
55 41
55 54
55 70
55 198
56 110
56 177
56 182
57 109
57 155
57 167
58 146
59 22
59 52
60 20
61 22
61 157
61 164
62 83
63 127
63 165
65 39
65 66
66 24
67 12
67 75
67 123
67 164
68 75
68 80
68 135
69 35
69 95
69 124
70 128
70 171
71 16
71 47
71 115
72 14
72 54
72 187
73 30
73 146
73 148
74 43
74 45
74 85
74 199
75 83
76 20
76 85
76 148
76 165
77 8
77 16
77 66
78 128
79 29
79 170
80 5
80 13
81 34
82 60
82 109
85 63
87 24
87 91
87 100
87 165
88 77
88 109
89 13
89 100
89 133
90 85
90 99
91 20
91 22
91 78
93 5
93 6
93 36
93 62
93 84
93 92
94 134
94 180
94 193
95 86
95 131
95 184
96 150
97 22
97 180
97 196
98 119
98 146
99 63
99 80
99 110
99 156
101 76
101 169
101 183
101 191
102 46
102 89
102 127
102 170
103 47
103 61
104 23
104 198
105 109
105 185
106 3
106 22
106 44
106 164
107 32
107 44
107 63
107 162
107 194
108 19
108 40
111 65
111 91
112 167
112 183
112 189
113 31
113 78
116 7
116 79
117 35
117 46
117 71
117 152
117 159
118 31
118 151
118 169
118 198
120 95
120 124
122 26
122 35
122 62
122 121
122 138
123 34
123 190
124 34
124 47
125 3
125 81
125 88
125 101
125 103
125 163
125 194
126 31
126 56
128 92
128 146
128 177
129 4
129 31
129 37
129 127
129 147
131 146
134 169
135 141
135 148
136 81
136 144
136 151
136 184
137 34
137 155
137 164
138 152
139 52
139 149
139 178
140 31
140 182
141 46
142 46
142 153
143 80
143 121
143 149
143 152
143 159
144 22
144 78
144 113
145 25
145 48
145 97
145 141
145 142
147 4
149 34
152 30
154 33
154 73
154 82
154 120
154 130
155 86
155 89
155 108
156 80
156 92
156 100
156 119
158 25
158 77
158 82
158 133
158 167
158 199
159 53
159 152
160 56
160 70
160 73
160 151
161 7
161 74
161 162
161 194
162 38
162 55
162 111
163 9
163 18
163 82
163 159
163 182
164 44
164 63
164 134
164 167
166 14
167 64
167 92
167 157
168 71
168 141
168 148
168 165
169 58
171 5
171 62
172 4
172 61
172 75
172 79
172 150
173 59
173 64
173 81
173 83
173 98
173 187
174 63
174 65
174 109
174 116
174 164
174 170
175 71
175 111
175 128
175 186
176 64
176 146
177 25
177 48
177 86
177 135
177 150
178 18
178 20
178 64
178 99
179 96
179 115
179 187
179 189
180 22
180 77
181 0
181 21
181 50
181 109
181 124
183 64
183 128
183 141
184 8
186 57
188 31
188 78
188 110
189 88
189 97
189 131
189 151
190 3
191 128
191 148
191 170
191 198
192 35
192 86
193 95
193 97
193 183
194 44
195 39
195 108
195 150
195 182
195 194
196 43
199 55
200 601
0 12
0 43
0 92
0 128
1 135
3 24
3 42
3 70
3 194
5 19
5 33
5 35
5 48
5 57
5 90
5 166
6 116
6 133
7 32
7 75
7 109
7 130
8 15
8 17
8 21
8 82
8 145
10 17
10 57
10 63
10 76
10 158
10 159
11 15
12 127
13 46
13 47
14 136
14 145
16 29
18 66
19 43
19 96
20 50
21 47
21 55
21 170
22 43
22 93
22 118
22 155
22 176
23 2
23 37
25 33
26 55
27 71
28 26
29 33
29 58
34 33
34 50
34 81
36 16
36 96
36 127
37 41
38 81
39 19
39 29
39 43
39 127
39 168
39 190
40 23
40 25
40 42
41 31
42 17
42 33
42 59
42 65
42 197
43 17
43 121
44 23
44 58
44 85
44 98
44 123
44 127
44 193
45 11
45 12
49 48
49 59
49 71
50 58
50 102
51 25
51 38
51 168
53 37
53 101
53 117
53 195
54 105
54 148
56 0
56 31
56 86
56 125
57 133
58 127
60 30
60 37
60 46
60 105
60 148
60 199
61 5
61 15
61 64
61 93
62 34
62 135
62 191
63 18
63 25
63 27
63 42
63 133
65 128
66 11
66 144
67 20
67 116
67 145
67 148
68 57
68 77
68 121
68 162
68 175
69 30
69 148
70 133
70 165
71 58
72 18
72 31
72 36
72 85
72 144
72 147
72 173
73 22
73 169
73 182
73 189
74 14
74 63
74 91
74 116
74 142
74 144
74 197
75 17
75 86
76 19
76 20
76 48
76 68
76 166
77 19
77 50
78 12
78 17
78 31
78 91
79 1
79 19
80 20
80 24
81 33
81 46
81 144
82 91
83 12
83 121
83 182
84 64
84 79
84 97
84 120
86 116
87 92
87 141
87 175
88 33
88 105
89 5
89 79
89 87
89 114
91 30
91 35
91 127
92 32
92 35
92 90
93 24
93 96
94 37
94 60
94 98
94 102
95 24
95 27
95 45
95 116
95 162
96 170
97 120
98 45
98 194
99 39
99 49
99 92
99 106
99 167
99 176
100 15
100 19
100 42
100 43
100 129
100 172
100 182
101 194
101 197
102 46
102 59
103 47
103 120
103 174
104 55
104 70
104 116
104 167
105 12
105 30
105 66
105 180
106 11
106 29
106 46
106 47
106 88
106 96
106 105
107 6
107 8
107 64
108 6
108 20
108 53
108 89
108 101
108 153
108 165
109 15
109 50
110 23
110 197
111 1
111 12
111 38
111 49
111 51
111 80
111 114
111 151
111 166
111 169
111 199
112 25
112 33
112 118
112 147
113 32
113 70
113 130
113 159
113 167
114 65
114 79
114 91
114 98
114 165
115 60
115 61
115 87
115 125
115 143
115 173
115 188
117 32
117 99
117 157
117 182
118 11
118 62
118 77
118 141
119 5
119 43
119 86
119 97
119 144
119 195
120 37
120 133
122 27
122 127
122 138
122 143
122 157
122 189
122 194
123 20
123 43
123 133
124 9
124 12
124 43
124 48
124 130
125 36
125 51
125 55
125 59
125 66
127 64
128 50
129 16
129 33
129 36
129 51
129 81
129 96
129 102
129 110
129 125
129 139
130 9
130 36
130 37
130 64
130 174
131 27
131 61
131 97
131 187
132 4
132 32
132 35
132 55
132 121
132 190
132 191
133 170
134 31
134 166
134 172
134 174
135 37
135 166
136 66
136 123
136 127
137 6
137 47
137 116
138 30
138 86
138 166
138 199
139 20
139 125
139 141
139 174
140 4
140 135
141 6
141 194
142 29
142 79
142 127
142 143
143 3
143 23
143 45
143 77
143 90
143 155
143 197
146 24
146 147
147 55
147 105
149 13
149 57
149 81
149 128
149 157
150 32
150 51
150 173
150 174
151 7
151 110
151 171
152 60
152 68
152 112
152 199
153 47
154 17
154 128
155 8
155 23
155 62
155 109
155 171
156 0
156 64
156 138
156 140
156 198
157 1
157 36
157 50
157 92
158 31
158 133
159 88
160 1
160 40
160 47
160 105
160 137
161 4
161 27
161 125
161 151
161 182
161 191
163 64
163 82
163 176
164 12
164 82
164 145
164 147
164 162
165 37
165 168
165 174
166 30
167 12
167 19
167 54
167 98
167 116
167 145
167 170
168 66
168 86
168 162
169 7
169 10
169 82
169 112
169 171
171 15
171 33
171 140
171 191
172 49
173 24
173 85
174 48
174 145
175 50
176 16
176 21
176 64
176 81
176 154
177 15
177 49
177 70
177 88
177 144
178 33
178 36
178 42
178 84
178 133
178 143
178 154
178 169
179 6
179 9
179 28
179 32
179 35
179 50
179 67
179 71
179 197
181 41
181 61
181 81
181 106
181 184
181 188
182 43
182 64
182 112
182 138
182 176
182 187
183 43
183 60
183 73
183 131
183 176
183 195
184 76
185 19
185 45
185 57
185 64
185 105
185 107
185 142
185 199
186 33
186 46
186 84
186 140
187 21
187 48
187 105
187 107
187 143
188 18
188 54
188 66
188 92
188 191
189 4
189 20
189 61
190 25
190 26
190 55
190 79
191 16
191 110
191 121
191 166
192 33
192 48
192 81
192 102
192 108
193 25
193 30
193 48
193 153
194 58
194 144
194 197
195 42
195 62
195 118
195 157
195 187
196 24
196 38
197 12
197 31
197 71
197 96
198 24
198 109
198 128
199 64
200 776
0 47
0 172
1 10
1 22
1 84
1 138
1 150
1 157
2 8
3 24
3 27
4 36
6 15
6 22
6 107
6 146
6 149
6 158
6 179
6 186
6 191
7 16
7 27
7 99
9 4
9 27
9 39
9 50
9 58
9 100
9 105
9 125
12 113
12 170
13 0
13 12
13 17
13 170
14 129
15 54
15 128
15 181
16 148
17 3
17 7
17 10
17 14
17 27
17 28
17 33
17 58
17 66
17 92
17 160
17 179
18 156
19 29
20 2
20 5
20 30
20 40
20 43
20 72
20 81
20 98
20 116
20 161
20 168
20 184
20 189
21 42
22 84
23 84
26 92
26 142
26 158
29 8
29 145
29 148
30 49
30 75
30 79
30 164
30 173
31 23
31 32
31 37
31 48
31 93
31 112
31 119
31 130
31 144
32 29
32 117
32 129
32 158
32 195
33 129
34 54
36 18
36 58
36 107
38 113
38 157
39 48
39 50
39 57
39 79
39 117
39 138
39 143
40 9
40 16
40 23
40 99
40 114
40 129
40 130
40 182
42 51
42 141
42 155
42 181
43 25
43 33
43 129
43 155
44 14
44 76
45 18
45 36
45 50
45 71
45 97
45 114
46 28
48 70
48 150
48 154
48 181
49 148
50 60
50 164
51 158
51 170
52 2
52 24
52 33
52 172
53 39
53 117
53 150
53 158
53 164
55 45
55 60
55 89
55 132
56 6
56 9
56 23
56 81
56 93
56 127
57 49
57 69
57 75
57 155
57 172
58 24
58 60
58 69
59 19
59 57
59 60
59 69
59 93
59 148
59 158
59 164
59 193
60 79
61 7
61 21
61 44
61 138
61 153
61 183
62 5
62 8
62 60
62 84
62 154
62 156
63 18
64 8
64 9
64 91
64 106
64 119
65 25
65 148
66 132
67 14
67 75
67 107
67 154
67 164
68 117
70 5
71 170
72 27
72 154
73 57
73 65
73 106
73 141
73 160
73 189
74 37
74 75
74 97
74 119
74 130
74 144
74 197
74 198
75 155
77 3
77 9
77 25
77 58
77 107
77 121
77 131
77 147
77 164
77 176
78 2
78 47
78 94
78 128
80 2
80 44
80 45
80 63
80 68
80 84
80 92
80 95
80 104
80 131
81 39
81 66
81 154
82 8
82 84
82 113
82 128
83 36
83 72
83 150
85 107
85 130
85 144
85 157
85 196
86 4
86 32
86 40
86 65
86 95
86 109
86 164
86 168
86 187
87 46
87 113
88 2
88 57
88 92
89 10
89 113
89 133
90 8
90 13
90 14
90 27
90 34
90 65
90 93
90 140
90 144
90 170
90 174
90 180
90 186
90 190
91 39
91 68
91 107
91 142
91 144
91 154
91 196
93 54
93 66
93 67
93 84
93 88
93 130
94 99
95 19
95 59
95 60
95 73
95 192
96 7
96 62
96 74
96 101
96 154
96 155
96 183
97 128
98 41
98 49
98 79
98 94
98 190
99 76
99 145
99 155
100 28
100 30
100 45
100 69
101 12
101 14
101 30
101 37
101 81
101 145
101 158
102 57
102 62
102 85
102 91
102 95
102 111
102 112
102 182
103 19
103 122
103 133
103 160
104 2
104 20
104 44
104 82
104 123
104 184
104 190
105 10
105 107
105 143
105 145
105 170
106 29
106 42
106 93
106 170
106 181
107 16
107 33
107 34
107 179
108 40
108 41
108 59
108 170
109 8
109 22
109 65
109 75
109 100
109 115
109 149
110 3
110 68
110 117
110 136
110 190
111 45
111 136
111 145
111 198
112 0
112 5
112 7
112 17
112 145
112 147
112 148
112 158
113 145
115 17
115 19
115 148
116 35
116 63
116 150
116 154
116 156
116 176
117 164
117 172
118 87
118 148
118 171
119 141
120 11
120 21
120 75
120 101
120 123
121 69
121 148
122 67
122 76
122 164
122 170
123 39
123 47
123 70
123 87
123 93
123 143
123 198
124 4
124 10
124 35
124 52
124 67
124 101
124 141
125 11
125 65
125 85
125 101
125 141
125 189
126 10
126 42
126 53
126 76
126 97
126 105
126 117
126 171
126 186
127 34
127 79
127 115
127 129
128 14
128 33
128 154
128 170
130 54
130 114
130 150
130 173
131 24
131 30
131 60
131 79
132 24
132 46
132 156
132 190
133 33
133 107
133 145
134 22
134 40
134 66
134 91
134 129
134 135
134 140
134 154
134 157
135 18
135 66
135 68
135 85
135 107
135 147
135 172
135 185
136 5
136 44
136 75
136 141
137 16
137 18
137 39
137 67
137 71
137 78
137 100
137 113
137 144
137 159
137 182
138 0
138 25
139 11
139 19
139 68
139 83
139 131
139 140
139 153
139 159
140 0
140 8
140 26
140 57
140 99
140 129
140 143
141 155
142 11
142 81
142 87
143 129
143 188
144 70
144 117
144 138
144 148
144 158
144 177
145 79
145 92
146 15
146 21
146 103
146 114
146 121
147 29
147 48
147 149
148 47
149 10
150 27
150 49
150 129
151 49
151 66
151 93
151 119
151 125
151 144
151 156
152 14
152 21
152 72
152 82
152 143
152 160
152 171
152 197
153 5
153 52
153 128
153 199
154 24
155 170
157 42
157 114
157 145
158 2
158 29
158 46
159 19
159 22
159 55
159 78
159 112
159 114
159 127
159 130
159 135
159 147
159 197
160 136
160 150
161 25
161 41
161 58
161 81
161 99
161 100
161 138
161 164
161 184
162 53
162 102
162 103
162 113
162 132
162 147
163 0
163 7
163 16
163 33
163 45
163 68
163 70
163 74
163 103
163 190
164 18
164 54
164 179
165 35
166 16
166 18
166 113
166 132
166 149
166 153
167 25
167 47
167 63
167 112
167 123
167 165
167 179
167 189
168 2
168 44
168 72
168 83
168 110
168 158
168 195
169 4
169 5
169 12
169 52
169 55
169 57
169 64
169 94
169 130
169 140
169 195
169 197
171 42
171 69
171 74
171 91
171 182
172 5
172 28
172 154
173 76
174 0
174 13
174 45
174 68
174 122
174 135
175 15
175 20
175 150
175 170
175 195
176 16
176 18
176 49
176 158
176 164
177 4
178 19
178 26
178 85
178 89
178 123
180 3
180 21
180 28
180 54
180 66
180 75
180 182
182 5
182 13
183 81
183 92
183 94
183 137
183 186
183 195
184 15
184 156
184 164
184 173
185 92
185 113
185 170
186 5
186 11
186 12
186 35
186 74
186 84
186 135
186 150
187 34
187 50
187 83
187 138
187 156
187 191
188 0
188 48
188 63
188 107
188 113
188 150
188 164
189 30
189 34
189 79
189 117
190 25
191 42
191 100
192 11
192 43
192 62
192 76
192 142
192 143
192 184
193 33
193 49
193 117
194 42
194 46
194 59
194 83
194 94
195 16
195 41
195 155
196 8
196 54
196 70
196 179
197 94
197 170
197 184
197 190
198 49
198 185
199 26
199 45
199 54
199 129
200 1024
0 10
1 25
1 107
3 20
3 38
3 43
3 135
3 180
4 2
4 32
4 49
4 51
4 67
5 17
5 35
5 38
5 57
5 63
5 112
5 149
5 166
5 169
5 170
6 24
6 53
6 84
7 138
9 8
9 125
9 140
11 32
11 83
11 84
11 155
13 48
13 50
13 63
13 70
13 116
13 129
13 143
13 176
14 22
14 59
14 83
14 111
14 125
15 3
15 13
15 27
15 46
15 57
15 97
15 141
15 142
15 147
15 152
15 169
15 171
15 174
15 190
16 20
16 38
18 3
18 45
18 62
18 72
18 111
18 115
19 11
19 14
19 115
20 17
20 35
20 145
21 24
21 145
23 55
23 62
23 63
23 64
23 142
25 8
25 59
26 2
27 3
27 57
27 137
28 9
28 11
28 43
28 62
28 119
28 133
28 149
28 151
28 180
29 6
29 13
29 46
29 47
29 87
29 111
29 151
29 169
30 51
30 151
32 0
33 24
33 83
34 12
34 44
34 53
34 87
36 7
36 12
36 39
36 50
36 62
36 69
36 93
36 114
36 119
36 130
37 4
37 13
37 27
37 88
37 119
37 150
37 178
38 69
39 17
39 32
39 62
39 64
39 69
39 74
39 81
39 84
39 133
39 138
39 151
39 162
40 4
40 9
40 23
40 109
40 129
40 133
40 155
40 187
41 38
41 47
41 56
41 68
41 72
41 74
41 99
41 103
41 126
41 129
41 143
41 181
41 191
42 138
43 33
44 8
44 21
44 35
44 69
44 115
44 123
44 138
45 0
45 14
45 52
45 177
46 5
46 11
46 12
46 40
46 54
46 101
46 107
46 157
46 175
46 181
47 63
47 84
47 93
47 172
48 172
49 106
50 14
50 35
50 51
50 169
52 0
52 2
52 17
52 19
52 49
52 70
52 79
52 152
52 168
52 173
53 8
54 6
54 115
54 169
55 2
56 4
56 6
56 7
56 21
56 35
57 4
57 32
57 123
57 155
57 173
58 33
58 52
58 53
58 115
58 137
59 12
59 140
60 19
60 37
60 63
60 64
60 165
60 168
60 182
61 20
61 93
61 112
62 69
62 150
63 25
63 93
63 131
64 44
64 128
65 0
65 29
65 36
65 83
65 88
65 90
65 101
65 115
65 140
65 159
65 184
66 10
66 88
66 152
66 180
67 25
67 33
67 69
68 14
68 51
70 2
70 4
70 35
70 54
70 112
70 137
71 9
71 31
71 42
71 57
71 62
71 74
71 84
71 87
71 166
72 63
72 67
73 57
73 122
73 141
73 142
73 168
73 177
73 181
74 6
74 12
74 88
75 30
75 43
75 49
75 54
75 125
76 21
76 24
76 30
76 35
76 63
76 85
76 131
76 187
77 72
77 84
77 131
77 136
77 149
77 169
77 186
77 189
78 9
78 19
78 25
78 30
78 49
78 106
78 145
79 55
79 59
79 124
79 137
80 9
80 20
80 23
80 48
80 52
80 130
80 143
80 180
80 189
80 191
81 2
81 12
81 106
82 24
84 22
84 125
85 3
85 38
85 93
86 24
86 78
86 85
86 191
87 17
87 21
87 35
87 170
88 35
88 93
89 42
89 49
89 135
89 152
89 173
89 180
90 10
90 31
90 45
90 54
90 67
90 116
91 6
91 19
91 20
91 82
91 88
91 113
91 124
91 150
91 158
91 181
91 194
92 11
92 16
92 34
92 64
92 86
92 121
92 135
92 142
92 174
92 180
92 184
92 193
93 17
94 10
94 11
94 50
94 75
94 119
95 34
95 122
95 155
95 172
96 7
96 47
96 56
96 57
96 64
96 69
96 78
96 79
96 107
96 125
96 142
97 1
97 12
97 18
97 60
97 69
97 78
97 152
97 158
97 162
98 19
98 129
98 165
99 10
99 33
99 34
99 47
99 48
99 69
99 70
99 85
99 106
99 127
99 140
99 149
99 173
100 25
100 50
100 62
100 68
100 77
100 86
100 87
100 118
100 130
100 137
100 154
100 168
100 172
100 181
101 3
101 5
101 34
101 45
101 68
101 79
101 82
101 89
101 125
101 131
101 159
101 168
101 180
102 0
102 27
102 41
102 88
102 115
102 137
102 186
103 7
103 14
104 8
104 27
104 37
104 70
104 130
104 136
104 154
104 175
104 194
105 0
105 27
105 58
105 71
105 75
105 78
105 79
106 145
107 17
107 99
107 106
107 129
107 162
108 5
108 33
108 34
108 38
108 39
108 50
108 60
108 77
108 86
108 96
108 140
108 164
109 111
109 137
109 177
110 0
110 27
110 53
110 74
110 145
110 168
110 181
111 55
111 88
112 135
113 5
113 11
113 34
113 42
113 55
113 56
113 103
113 140
113 175
114 8
114 22
114 30
114 31
114 34
114 39
114 63
114 74
114 103
114 111
114 119
114 172
114 193
116 38
116 47
116 93
116 129
116 187
117 8
117 26
117 49
117 74
117 94
117 165
118 9
118 12
118 19
118 27
118 28
118 52
118 86
118 127
118 137
118 140
118 170
119 12
119 59
119 142
120 9
120 74
120 137
121 22
121 24
121 32
121 44
121 51
121 123
121 135
122 8
123 2
123 8
123 24
123 83
123 106
123 115
124 12
126 2
126 10
126 52
126 54
126 56
126 124
126 131
127 17
127 32
127 150
127 180
127 181
127 191
128 22
128 43
128 81
128 106
128 131
128 170
129 25
129 50
129 81
129 106
129 142
130 14
130 20
130 38
130 48
130 84
130 187
131 93
131 125
131 152
132 42
132 47
132 84
132 97
132 114
132 117
132 161
132 173
132 175
132 180
133 7
133 20
133 49
133 50
133 84
133 85
133 87
133 88
133 152
133 155
134 4
134 11
134 13
134 60
134 71
134 107
134 109
134 119
134 146
134 159
135 22
135 180
136 54
136 68
136 126
136 146
136 157
136 159
137 0
137 53
137 67
137 191
139 18
139 24
139 32
139 93
139 126
139 138
139 178
141 6
141 7
141 39
141 40
141 54
141 55
141 80
141 88
141 105
141 109
141 129
141 131
141 136
141 143
141 159
141 176
142 10
142 30
142 47
142 191
143 19
143 31
143 67
143 75
143 103
143 111
143 131
143 155
144 3
144 7
144 9
144 45
144 48
144 59
144 60
144 77
144 89
144 100
144 122
144 143
144 151
144 156
144 161
146 8
146 32
146 42
146 107
146 138
146 168
146 176
146 177
147 2
147 4
147 42
147 71
147 89
147 98
147 105
147 166
147 197
148 45
148 57
148 76
148 88
149 72
149 93
149 123
149 191
150 6
150 81
151 140
152 53
152 172
153 9
153 17
153 24
153 31
153 62
153 125
154 11
154 39
154 49
154 61
154 64
154 86
154 105
154 151
156 44
156 56
156 86
156 129
156 154
156 165
157 33
157 43
157 51
157 66
157 83
157 152
158 9
158 21
158 23
158 41
158 82
158 105
158 131
158 149
158 157
159 38
159 44
159 50
159 69
159 78
159 84
159 119
159 153
159 173
160 0
160 18
160 60
160 80
160 89
160 115
160 116
160 136
160 151
161 22
161 35
161 51
162 63
162 72
162 78
162 121
163 33
163 99
163 133
163 139
163 166
164 9
164 17
164 22
164 51
164 88
164 94
164 97
164 125
164 145
164 176
165 96
166 12
166 84
166 150
167 14
167 77
167 105
167 118
167 121
167 126
167 155
167 180
167 183
167 199
168 21
168 172
170 21
170 53
170 111
171 8
171 24
171 32
171 45
171 84
171 185
171 189
172 33
172 106
172 138
173 125
174 35
174 86
174 97
174 112
174 150
174 152
174 182
174 185
175 5
175 8
175 47
175 49
175 50
175 88
175 115
175 131
175 166
176 70
176 75
176 76
176 109
176 131
176 191
177 2
177 32
177 84
178 32
178 67
178 85
178 119
178 138
179 13
179 16
179 22
179 26
179 33
179 53
179 58
179 61
179 69
179 84
179 138
179 140
179 142
180 22
181 0
181 2
181 10
181 19
181 44
181 83
182 123
183 4
183 33
183 34
183 49
183 132
183 133
183 170
183 197
184 3
184 6
184 44
184 46
184 52
184 62
184 88
184 107
184 173
185 25
185 37
185 44
185 61
185 76
185 107
185 113
185 146
186 2
186 19
186 24
186 45
186 53
186 60
186 72
186 80
186 94
186 109
186 114
186 122
186 125
186 138
187 31
187 35
187 70
187 82
187 155
188 31
188 49
188 54
188 86
188 101
188 114
188 124
188 132
188 138
188 140
189 6
189 32
189 69
189 79
189 95
189 142
190 1
190 16
190 71
190 83
190 100
190 103
190 153
190 187
190 194
192 40
192 43
192 52
192 76
192 97
192 101
192 106
193 27
193 68
193 109
193 129
194 50
194 72
194 128
194 135
194 170
194 174
195 35
195 82
195 84
195 89
195 112
195 120
195 142
195 153
195 170
196 6
196 21
196 117
196 127
196 147
196 181
197 56
197 70
197 82
197 94
197 107
197 113
197 135
197 175
197 193
198 36
198 59
198 67
198 105
198 113
198 132
198 141
198 152
198 173
199 60
199 80
199 92
199 148
199 157
199 162
199 172
199 175
199 189
200 1208
1 26
1 66
1 132
2 37
2 145
3 2
3 151
3 173
4 14
4 53
4 130
4 147
5 9
5 18
5 26
5 40
5 88
5 94
6 54
6 140
6 156
7 21
7 33
8 138
9 28
9 115
9 147
10 115
11 8
11 36
11 86
11 117
11 124
11 150
11 151
11 157
11 171
11 187
12 140
13 26
13 156
14 9
14 100
14 147
14 155
15 0
15 64
15 86
16 132
17 37
17 151
18 33
18 191
19 4
19 5
19 14
19 23
19 26
19 57
19 126
19 156
19 182
20 28
20 54
20 86
20 105
20 109
20 117
20 141
22 8
22 12
22 115
22 118
22 148
23 16
23 38
23 101
23 145
24 7
24 48
24 95
24 110
24 166
25 3
25 53
25 77
25 94
25 145
25 149
25 191
26 66
27 33
27 132
28 140
29 27
29 35
29 94
29 110
29 117
29 143
29 148
29 182
29 192
30 2
30 8
30 42
30 95
31 2
31 36
31 119
32 3
32 9
32 57
32 132
32 143
32 173
32 175
32 192
33 12
33 37
34 4
34 16
34 17
34 45
34 50
34 73
34 115
34 122
34 124
34 180
35 21
35 112
35 141
36 2
36 145
38 151
39 3
39 148
40 115
41 3
41 4
41 17
41 30
41 76
41 171
41 184
41 197
42 38
42 140
42 151
43 13
43 14
43 26
43 33
43 40
43 41
43 42
43 54
43 81
43 82
43 90
43 100
43 114
43 139
43 163
43 177
44 2
44 22
44 33
44 140
44 155
44 168
47 27
47 48
47 53
47 57
47 118
47 164
48 45
49 54
50 3
50 33
50 40
50 48
50 57
50 65
51 2
51 18
51 22
51 26
51 33
51 35
51 36
51 41
51 55
51 80
51 110
51 114
51 132
51 140
51 152
51 173
51 178
51 192
52 7
52 9
52 10
52 35
52 37
52 38
52 86
52 105
52 114
52 150
53 18
53 147
54 38
55 12
55 50
55 57
55 69
55 86
55 154
55 166
56 28
56 71
57 26
57 66
57 101
57 148
58 0
58 31
58 43
58 91
58 114
58 130
58 155
59 7
59 8
59 31
59 42
59 50
59 66
59 84
59 88
59 93
59 168
59 175
59 193
60 1
60 4
60 69
60 77
60 88
60 92
60 102
60 105
60 173
60 174
60 192
60 197
60 199
61 1
61 4
61 47
61 65
61 74
61 124
61 169
61 181
61 194
62 42
62 100
62 156
62 173
63 25
63 44
63 100
63 111
63 155
63 192
63 197
64 7
64 33
64 112
64 147
65 12
65 68
67 21
67 26
67 41
67 64
67 73
67 88
67 140
67 163
67 171
68 9
68 12
68 132
68 173
69 5
69 57
69 92
69 95
69 144
69 155
69 198
70 3
70 12
71 5
71 101
71 145
72 3
72 31
72 56
72 66
72 93
72 94
72 99
72 101
72 123
72 135
72 142
72 154
72 158
72 163
72 182
73 10
73 25
73 31
73 56
73 71
73 147
73 156
73 166
74 8
74 19
74 54
74 70
74 110
74 112
74 138
74 141
75 9
75 53
75 56
75 64
75 88
75 90
75 102
75 112
75 137
75 164
76 13
76 14
76 49
77 140
78 1
78 31
78 40
78 151
78 164
79 30
79 53
79 54
79 75
79 78
79 87
79 101
79 123
79 133
79 155
79 167
79 190
79 198
80 4
80 91
80 100
80 124
80 132
80 140
81 25
81 57
81 89
81 110
81 194
82 12
82 39
82 50
82 114
82 163
82 185
83 2
83 15
83 45
83 46
83 54
83 100
83 110
83 112
83 156
83 163
84 0
84 13
84 16
84 74
84 105
84 191
84 195
85 22
85 24
85 29
85 57
85 75
85 101
85 117
85 153
86 53
86 91
86 114
86 119
87 1
87 5
87 17
87 31
87 58
87 75
87 110
87 124
87 133
87 142
87 143
87 194
88 40
88 145
89 5
89 16
89 36
89 46
89 92
89 118
90 26
90 155
91 13
91 88
91 100
91 123
91 140
92 9
92 28
92 145
92 148
93 0
93 9
93 17
93 53
93 64
93 68
93 86
93 109
94 115
96 1
96 22
96 33
96 41
96 42
96 55
96 57
96 61
96 66
96 75
96 80
96 93
96 141
96 180
96 198
97 1
97 29
97 30
97 36
97 41
97 49
97 68
97 69
97 74
97 80
97 95
97 119
98 18
98 21
98 54
98 59
98 118
98 124
98 156
98 178
98 183
98 185
99 6
99 37
99 68
99 69
99 73
99 95
99 112
100 5
100 45
100 48
100 123
101 88
102 28
102 38
102 88
102 126
102 128
102 130
102 138
102 141
102 143
102 153
102 181
102 191
103 3
103 29
103 45
103 60
103 113
103 148
103 155
103 156
103 189
103 197
103 198
104 7
104 111
104 138
104 163
105 7
105 8
105 25
105 28
105 33
105 112
106 32
106 73
106 89
106 91
106 100
106 122
106 142
106 150
106 154
106 171
106 199
107 47
107 77
107 81
107 105
107 112
108 56
108 118
108 121
108 163
109 5
109 27
109 42
109 49
109 66
109 132
110 12
110 38
110 56
110 94
110 164
111 10
111 35
111 83
111 139
111 145
111 191
112 21
112 28
113 7
113 22
113 64
113 123
113 128
113 139
113 164
113 199
114 49
114 147
114 148
114 173
116 2
116 3
116 15
116 27
116 38
116 48
116 52
116 61
116 68
116 78
116 95
116 99
116 113
116 131
116 132
116 148
116 150
116 169
116 174
116 186
116 189
116 194
117 7
117 10
117 88
117 115
117 149
117 173
118 28
120 12
120 24
120 33
120 39
120 47
120 58
120 62
120 72
120 75
120 83
120 90
120 97
120 123
120 124
120 138
120 163
120 171
120 177
120 180
120 188
121 3
121 6
121 38
121 54
121 64
121 74
121 125
121 126
121 139
121 143
121 164
121 166
121 171
121 181
121 182
122 2
122 16
122 67
122 108
122 132
122 137
122 141
122 144
122 198
122 199
123 77
124 28
124 55
124 75
124 84
124 104
124 138
124 149
124 168
125 15
125 114
125 184
125 193
125 194
125 199
126 49
126 57
126 68
126 77
126 147
127 12
127 20
127 25
127 30
127 31
127 33
127 40
127 42
127 96
127 100
127 105
127 117
127 118
127 125
127 131
127 144
127 167
127 174
127 188
128 29
128 49
128 89
128 105
128 112
128 152
128 156
129 7
129 23
129 40
129 61
129 73
129 83
129 107
129 109
129 137
129 138
129 175
129 198
130 22
130 91
131 19
131 47
131 84
131 91
131 138
131 151
131 175
131 184
131 198
133 3
133 16
133 44
133 45
133 93
133 109
133 121
133 131
134 40
134 53
134 56
134 62
134 75
134 81
134 89
134 107
134 129
134 143
134 151
134 153
134 189
135 7
135 17
135 23
135 83
135 144
135 149
135 150
136 5
136 12
136 21
136 22
136 26
136 76
136 86
136 111
136 132
136 148
136 168
136 198
136 199
137 7
137 40
137 45
137 101
137 138
137 145
139 17
139 57
139 92
139 123
139 144
139 148
139 163
141 0
141 5
141 18
141 37
141 132
142 33
142 49
142 64
142 66
142 105
142 110
142 112
142 133
142 143
143 4
143 35
143 49
143 69
143 77
143 123
143 193
144 18
144 100
144 137
144 148
145 12
146 12
146 22
146 36
146 40
146 47
146 54
146 56
146 76
146 89
146 120
146 150
146 163
146 181
146 183
147 28
147 40
149 9
149 38
149 48
149 138
149 151
149 182
150 46
150 110
151 77
152 13
152 17
152 38
152 54
152 56
152 74
152 110
152 145
152 164
152 168
153 1
153 10
153 33
153 35
153 91
153 137
153 166
153 173
154 105
154 143
154 150
154 171
154 194
155 173
156 88
157 7
157 9
157 16
157 39
157 42
157 68
157 130
157 138
157 155
157 189
158 0
158 67
158 111
158 136
158 143
158 152
158 169
158 191
159 9
159 13
159 42
159 53
159 68
159 130
159 163
159 171
159 182
160 9
160 27
160 39
160 64
160 97
160 138
160 149
160 163
160 169
161 31
161 95
161 109
161 136
161 174
161 181
162 5
162 17
162 30
162 49
162 50
162 72
162 81
162 83
162 113
162 123
162 142
162 156
162 159
162 192
162 197
163 13
163 77
163 94
163 119
163 141
163 151
163 155
163 156
163 164
164 30
164 100
164 148
164 191
165 15
165 68
165 70
165 99
165 126
165 153
165 192
166 16
166 23
166 42
166 144
166 149
166 168
166 198
167 3
167 18
167 32
167 37
167 63
167 85
167 111
167 138
167 144
167 181
168 8
168 17
168 101
168 112
168 145
169 9
169 19
169 38
169 150
169 163
169 164
169 194
169 198
170 31
170 73
170 75
170 76
170 95
170 153
171 1
171 23
171 56
171 77
171 112
171 151
171 168
172 3
172 4
172 22
172 34
172 38
172 46
172 58
172 66
172 94
172 96
172 119
172 123
172 149
172 150
172 152
174 25
174 26
174 30
174 31
174 46
174 54
174 56
174 94
174 100
175 0
175 5
175 49
175 65
175 71
175 78
176 2
176 16
176 23
176 54
176 56
176 80
176 91
176 112
176 125
176 142
176 177
177 1
177 2
177 53
177 110
177 130
177 138
177 164
178 42
178 48
178 72
178 76
178 80
178 88
178 122
178 131
179 5
179 27
179 57
179 60
179 100
179 109
179 133
179 140
179 153
179 192
180 17
180 26
180 33
180 44
180 91
180 119
180 140
180 152
180 174
180 195
180 199
181 6
181 19
181 22
181 44
181 65
181 77
181 110
181 132
181 149
182 3
182 37
182 42
182 151
183 20
183 43
183 51
183 63
183 67
183 69
183 70
183 81
183 173
184 16
184 22
184 35
184 42
184 83
184 89
184 118
184 143
184 177
185 54
185 68
185 156
186 4
186 84
186 93
186 109
186 111
186 119
186 141
186 156
186 159
186 163
186 194
187 44
187 66
187 96
187 106
187 112
187 113
187 131
187 155
187 169
188 25
188 32
188 60
188 68
188 76
188 121
188 145
189 22
189 31
189 37
189 42
189 63
189 77
189 108
189 112
189 117
189 126
189 142
189 144
189 153
189 154
189 168
190 13
190 15
190 32
190 33
190 52
190 55
190 111
190 155
190 163
191 173
192 0
192 6
192 36
192 42
192 69
192 91
192 148
192 149
192 150
192 181
193 30
193 44
193 56
193 86
193 148
193 151
193 173
194 12
194 30
194 35
194 36
194 62
194 68
194 92
194 151
194 155
194 164
195 13
195 49
195 100
195 137
195 155
196 14
196 27
196 48
196 91
196 126
196 132
196 141
197 110
197 137
197 145
197 181
197 185
197 198
198 0
198 13
198 36
198 37
198 141
199 36
199 53
199 86
199 89
199 126
199 177
199 198
200 1334
1 26
1 42
1 51
1 73
1 102
2 73
3 64
3 76
3 119
3 159
5 21
5 42
5 63
5 84
6 4
6 64
6 68
6 161
9 2
9 4
9 5
9 51
9 90
9 181
10 6
10 38
10 83
10 90
10 114
10 119
10 120
10 124
11 35
11 67
11 84
11 149
11 193
12 4
12 78
13 0
14 86
16 92
17 94
17 162
17 191
18 84
18 108
19 8
19 13
19 20
19 119
21 7
22 15
22 24
22 30
22 67
22 68
22 74
22 82
22 108
23 1
23 9
23 10
23 19
23 26
23 33
24 6
24 51
24 92
24 193
25 10
25 27
25 38
25 48
25 58
25 95
25 106
25 151
25 153
25 188
27 33
27 48
27 67
27 69
27 86
27 90
27 149
28 16
28 29
28 67
29 14
29 16
29 26
29 57
29 78
29 86
29 170
30 15
30 78
30 195
31 21
31 82
31 83
31 100
31 102
31 153
31 161
32 3
32 4
32 11
32 16
32 35
32 41
32 109
32 126
32 149
32 184
33 24
33 38
33 68
33 86
34 7
34 12
34 74
34 162
34 170
35 8
36 27
36 42
36 132
38 1
38 19
38 64
38 69
39 0
39 4
39 83
39 189
40 2
40 28
40 43
40 149
40 153
40 167
41 84
41 170
42 86
43 64
44 8
44 15
44 16
44 18
44 27
44 69
44 110
44 159
45 15
45 46
45 55
45 57
45 72
45 86
45 109
45 120
45 149
46 0
46 57
47 0
47 4
47 8
47 12
47 21
47 28
47 57
47 119
48 8
48 13
48 14
48 100
48 149
49 0
49 28
49 83
49 149
49 191
50 14
50 38
50 40
50 53
50 55
50 60
50 75
50 90
50 92
50 107
50 117
50 124
50 131
50 160
52 63
52 135
52 159
52 170
52 196
53 1
53 26
53 36
53 48
53 74
54 1
54 7
54 28
54 70
54 73
54 92
54 93
54 110
54 124
54 153
54 171
55 16
56 72
56 87
56 100
56 194
57 21
57 151
58 0
58 3
58 6
58 8
58 13
58 18
58 28
58 36
58 48
58 60
58 64
58 83
58 127
58 153
58 159
58 198
59 1
59 11
59 12
59 28
59 30
59 42
59 78
59 167
60 15
60 21
60 38
60 39
60 57
60 83
60 153
61 15
61 19
61 22
61 32
61 60
61 62
61 70
61 93
61 104
61 112
61 139
61 141
61 181
61 182
61 183
61 190
62 0
62 7
62 32
62 45
62 53
62 127
62 170
62 189
62 195
63 16
64 14
64 84
65 13
65 27
65 67
65 78
65 162
66 5
66 11
66 18
66 20
66 25
66 38
66 43
66 45
66 72
66 85
66 140
66 188
67 73
67 84
67 92
70 8
70 47
70 85
70 86
70 188
71 24
71 35
71 68
71 101
71 112
71 149
71 196
72 21
72 67
72 189
73 14
73 42
74 15
74 60
75 0
75 3
75 16
75 17
75 42
75 54
75 61
75 65
75 70
75 95
75 98
75 103
75 129
75 132
75 143
75 145
75 150
75 174
75 185
75 191
75 193
75 195
76 0
76 2
76 29
76 64
77 5
77 7
77 14
77 19
77 37
77 51
77 73
77 78
77 170
79 33
79 82
79 84
79 188
80 12
80 39
80 48
80 57
80 68
80 77
80 84
80 167
80 179
80 189
80 191
80 198
81 17
81 27
81 29
81 32
81 42
81 48
81 58
81 94
81 106
81 126
82 7
82 16
82 57
82 83
82 123
82 189
83 195
85 7
85 14
85 18
85 57
85 78
85 92
85 93
85 94
85 135
85 139
85 168
85 189
85 191
85 194
87 43
87 73
87 90
87 168
88 40
88 77
88 126
88 153
89 2
89 4
89 34
89 63
89 90
89 101
90 7
90 21
90 41
90 51
91 22
91 38
91 52
91 56
91 78
91 82
91 83
91 87
91 104
91 108
93 19
93 59
93 60
93 67
93 104
93 119
93 132
93 168
93 193
94 21
94 92
95 0
95 1
95 3
95 27
95 44
95 56
95 78
95 92
95 123
95 153
96 13
96 38
96 42
96 60
96 91
96 108
96 123
96 124
96 125
96 152
96 176
97 23
97 30
97 44
97 46
97 59
97 64
97 76
97 81
97 158
97 170
97 198
98 7
98 41
98 42
98 51
98 65
98 110
98 111
98 124
98 151
98 153
99 6
99 37
99 119
99 135
101 41
101 84
101 188
102 86
102 92
103 30
103 33
103 36
103 48
103 64
103 67
103 74
103 78
103 86
103 100
103 110
103 149
104 5
104 13
104 28
104 41
104 46
104 67
105 1
105 4
105 12
105 19
105 28
105 43
105 46
105 63
105 86
105 97
105 109
105 136
105 147
105 160
105 190
106 39
106 139
106 191
107 9
107 17
107 24
107 25
107 70
107 72
107 90
107 95
107 100
107 121
107 122
107 124
107 160
107 181
108 2
108 21
108 37
109 9
109 57
109 60
109 188
110 16
110 48
110 59
110 90
110 140
111 5
111 30
111 36
111 39
111 44
111 47
111 48
111 99
111 160
111 161
111 162
112 6
112 12
112 34
112 41
112 47
112 55
112 86
112 92
113 4
113 7
113 27
113 57
113 68
113 104
113 168
113 189
114 2
114 18
114 39
114 56
114 59
114 86
114 90
114 100
114 123
114 132
115 18
115 34
115 59
115 63
115 69
115 78
115 84
115 101
115 110
115 160
116 8
116 28
116 30
116 43
116 88
116 102
116 132
117 26
117 42
117 43
117 49
117 58
117 61
117 88
117 113
117 177
117 183
117 194
118 6
118 14
118 16
118 60
118 72
118 85
118 97
118 98
118 102
118 110
118 127
118 151
118 160
118 188
118 193
118 195
119 20
120 20
120 92
120 159
120 167
120 195
121 6
121 11
121 12
121 13
121 37
121 40
121 45
121 58
121 74
121 85
121 89
121 98
121 108
121 113
121 132
121 135
121 189
122 2
122 3
122 4
122 17
122 72
122 89
122 93
122 123
122 149
122 188
122 190
123 6
123 28
123 29
123 73
124 19
124 33
124 87
124 102
124 123
124 188
124 196
125 25
125 47
125 66
125 72
125 103
125 104
125 126
125 149
125 150
125 165
125 182
125 189
125 196
125 198
126 1
126 68
126 83
126 139
127 2
127 29
127 36
127 47
127 51
127 59
127 70
127 83
127 108
127 120
127 124
127 132
127 188
128 5
128 18
128 31
128 56
128 106
128 120
128 177
128 183
128 191
129 22
129 31
129 33
129 52
129 90
129 91
129 102
129 134
129 154
129 160
129 188
130 0
130 4
130 26
130 40
130 46
130 83
130 116
130 162
130 184
130 195
130 198
131 12
131 15
131 26
131 44
131 48
131 49
131 67
131 70
131 72
131 74
131 97
131 103
131 108
131 170
131 174
131 187
131 189
132 0
132 38
132 55
133 0
133 28
133 52
133 55
133 78
133 91
133 167
134 5
134 35
134 47
134 92
134 95
134 100
134 104
134 110
134 130
134 135
134 139
135 4
135 28
135 30
135 37
135 39
135 63
135 167
136 11
136 14
136 33
136 46
136 195
137 2
137 11
137 34
137 52
137 92
137 95
137 128
137 139
137 142
137 143
137 185
137 188
138 12
138 20
138 29
138 41
138 60
138 100
139 20
139 21
139 26
139 47
139 57
139 189
140 0
140 40
140 47
140 55
140 83
140 90
140 100
141 3
141 6
141 44
141 54
141 59
141 79
141 106
141 108
141 115
141 120
142 6
142 19
142 28
142 29
142 54
142 55
142 105
142 108
142 117
142 135
142 140
142 157
142 161
142 162
142 167
142 172
142 178
142 197
143 47
143 61
143 68
143 99
143 128
143 130
143 146
143 160
143 168
143 179
143 183
144 20
144 34
144 59
144 122
144 133
144 145
144 146
144 149
144 153
144 162
144 167
144 199
145 2
145 13
145 14
145 21
145 62
145 88
145 97
145 98
145 136
145 141
145 171
145 189
145 190
145 199
146 25
146 31
146 33
146 73
146 79
146 108
146 119
146 121
146 140
146 141
146 158
146 160
146 191
146 197
147 20
147 44
147 93
147 100
147 127
147 150
147 153
147 165
147 175
147 186
147 199
148 28
148 47
148 62
148 67
148 85
148 90
148 145
148 155
148 192
148 198
149 7
149 13
150 18
150 35
150 39
150 68
150 100
150 101
150 106
150 108
150 136
150 149
150 158
150 170
152 13
152 21
152 22
152 57
152 124
152 135
152 188
153 2
153 29
153 149
154 13
154 78
154 84
154 94
154 126
154 139
154 149
154 178
155 9
155 14
155 40
155 55
155 88
155 122
155 162
155 164
155 175
156 12
156 40
156 53
156 62
156 67
156 82
156 89
156 116
156 120
156 182
156 191
157 19
157 26
157 37
157 38
157 41
157 48
157 52
157 62
157 67
157 79
157 83
157 111
157 138
158 1
158 3
158 6
158 8
158 36
158 43
158 60
158 67
158 68
158 92
158 103
158 104
158 127
158 135
158 140
158 159
158 161
158 193
159 11
159 16
159 76
159 195
160 8
160 14
160 78
160 108
160 161
161 20
161 43
162 11
162 119
163 1
163 8
163 21
163 24
163 41
163 53
163 57
163 102
163 124
163 127
163 150
163 171
164 16
164 51
164 69
164 90
164 101
164 106
164 127
164 130
164 149
164 166
164 186
164 193
165 14
165 21
165 52
165 106
165 110
165 114
165 167
165 171
165 191
166 3
166 10
166 25
166 59
166 69
166 116
166 188
167 7
167 19
167 51
167 119
168 21
168 51
168 119
169 14
169 25
169 44
169 47
169 55
169 62
169 67
169 87
169 106
169 124
169 155
169 158
169 185
170 26
170 42
171 8
171 15
171 23
171 34
171 52
171 73
171 101
171 103
171 188
172 17
172 19
172 38
172 40
172 54
172 58
172 62
172 80
172 85
172 110
172 125
172 150
172 156
172 178
173 4
173 6
173 15
173 17
173 24
173 61
173 90
173 94
173 159
173 176
174 6
174 14
174 16
174 22
174 37
174 49
174 63
174 79
174 82
174 89
174 168
175 29
175 35
175 43
175 48
175 89
175 95
175 113
175 140
175 162
175 183
176 16
176 38
176 51
176 68
176 76
176 136
176 150
176 161
176 170
176 181
177 13
177 15
177 16
177 23
177 24
177 37
177 59
177 72
177 119
177 139
177 153
177 158
177 191
177 198
178 60
178 63
178 110
178 123
178 160
178 188
179 1
179 9
179 18
179 97
179 135
179 146
179 165
179 189
180 2
180 3
180 12
180 38
180 62
180 88
180 143
180 162
180 171
180 184
180 190
180 195
181 28
181 30
181 43
181 55
181 74
181 161
181 167
181 170
182 4
182 15
182 17
182 20
182 22
182 25
182 39
182 83
182 90
183 24
183 40
183 49
183 65
183 71
183 76
183 99
183 104
183 195
184 8
184 14
184 24
184 35
184 39
184 85
184 104
184 108
185 16
185 23
185 40
185 62
185 82
185 98
185 126
185 149
185 159
185 165
185 178
186 1
186 35
186 37
186 87
186 102
186 114
186 115
186 119
186 149
186 170
187 0
187 18
187 23
187 116
187 121
187 123
187 138
187 149
187 194
187 197
188 0
188 7
188 59
188 76
188 82
188 92
188 100
189 15
189 41
189 64
189 83
189 84
190 8
190 13
190 20
190 21
190 38
190 57
190 88
190 89
190 109
190 111
190 146
190 184
190 198
191 24
191 51
191 84
191 168
192 6
192 10
192 17
192 42
192 51
192 60
192 94
192 121
192 125
192 134
192 160
192 168
192 183
192 184
194 21
194 26
194 170
195 13
195 42
195 92
195 100
196 7
196 14
196 41
196 100
197 6
197 17
197 32
197 36
197 51
197 57
197 78
197 86
197 88
197 127
197 132
197 139
197 188
198 11
198 30
198 55
198 77
198 88
198 167
199 55
199 69
199 71
199 82
199 100
199 123
200 1618
0 141
1 4
1 5
1 10
1 17
1 33
1 50
1 56
1 62
1 74
1 85
1 102
1 123
1 147
1 153
1 174
3 18
3 43
4 107
5 49
5 52
5 53
5 62
5 63
5 69
5 81
5 96
5 143
5 149
5 153
6 18
6 23
6 92
6 120
6 140
6 145
6 155
7 34
7 89
8 49
8 80
8 84
8 92
8 147
8 175
9 8
9 23
9 49
9 80
9 98
9 119
9 139
9 176
10 49
11 39
11 49
11 51
11 73
11 90
11 120
11 175
12 30
12 31
12 56
12 73
12 86
12 88
13 11
13 35
13 40
13 54
13 62
13 79
13 80
13 135
13 137
13 146
13 148
13 149
13 158
13 170
13 184
13 195
13 197
14 74
14 144
15 3
15 10
15 28
15 29
15 75
15 83
15 100
15 119
15 148
15 151
15 163
15 187
15 194
15 199
16 14
16 58
16 86
16 139
16 141
16 152
17 92
18 92
19 0
19 18
19 41
19 53
19 59
19 66
19 67
19 71
19 81
19 88
19 99
19 108
19 155
20 2
20 129
20 136
20 152
20 175
20 195
21 43
21 49
21 88
21 92
21 107
22 7
22 16
22 30
22 39
22 53
22 62
22 199
23 2
23 35
23 39
23 51
23 129
23 167
24 2
24 5
24 14
24 18
24 20
24 21
24 22
24 33
24 85
24 87
24 88
24 159
24 163
24 178
25 56
25 136
25 197
26 41
26 54
26 73
26 89
26 173
26 176
26 199
27 22
27 29
27 34
27 50
27 62
27 86
27 100
27 120
27 122
27 142
27 145
28 43
28 77
28 90
28 120
28 136
28 144
28 192
29 26
29 53
29 55
29 85
29 88
29 92
29 97
29 104
29 137
29 147
29 153
29 197
30 23
30 62
30 80
30 86
30 147
30 149
32 107
32 129
32 140
32 165
32 197
33 8
33 18
33 23
33 30
33 51
33 58
33 176
34 119
34 129
34 153
35 2
35 43
35 89
35 147
36 8
36 33
36 45
36 54
36 73
36 88
36 140
36 176
37 0
37 30
37 33
37 35
37 80
37 86
38 103
39 4
40 27
40 45
40 78
40 97
40 122
40 123
40 139
40 156
40 194
41 23
41 34
41 51
41 73
41 76
41 145
42 38
42 58
42 63
42 137
42 153
43 4
43 62
43 103
44 3
44 6
44 25
44 34
44 51
44 62
44 80
44 136
45 3
45 43
45 62
45 92
45 107
45 119
45 147
45 167
46 6
46 20
46 36
46 52
46 59
46 80
46 83
46 88
46 108
46 140
46 174
47 1
47 5
47 22
47 75
47 79
47 81
47 98
47 113
47 119
47 149
47 162
47 165
47 175
47 199
48 14
48 64
48 88
48 89
48 156
49 92
49 141
50 4
50 8
50 9
50 25
50 49
50 81
50 86
50 90
50 141
50 153
50 169
52 20
52 43
52 92
52 141
52 153
53 17
53 74
53 88
54 14
54 197
55 0
55 11
55 20
55 51
55 58
55 74
55 86
55 88
55 107
55 119
55 122
55 147
55 169
55 176
55 192
55 199
56 11
56 17
56 38
56 153
57 2
57 20
57 31
57 33
57 49
57 54
57 65
57 94
57 121
57 128
57 144
57 163
57 173
57 175
57 197
58 0
58 3
58 4
58 41
58 45
58 90
58 147
59 34
59 43
59 56
59 58
59 129
59 152
59 175
60 6
60 122
61 25
61 41
61 54
61 81
61 92
61 140
61 144
61 147
61 149
61 167
62 51
63 84
63 107
63 144
64 4
64 137
64 139
65 3
65 5
65 7
65 26
65 39
65 77
65 86
65 96
65 98
65 104
65 108
65 129
65 144
65 152
65 156
65 158
66 30
66 137
67 12
67 17
67 33
67 35
67 64
67 66
67 96
68 19
68 26
68 27
68 33
68 50
68 60
68 64
68 75
68 102
68 108
68 134
68 146
68 169
68 175
68 176
69 3
69 10
69 14
69 25
69 39
69 74
69 90
70 17
70 19
70 20
70 38
70 58
70 73
70 83
70 91
70 95
70 110
70 114
70 140
70 147
70 148
70 151
70 168
70 175
70 181
71 2
71 35
71 50
71 123
71 139
71 140
71 151
71 152
71 156
72 12
72 19
72 38
72 52
72 53
72 56
72 79
72 101
72 102
72 103
72 112
72 136
72 142
72 162
72 167
72 168
72 172
72 173
72 174
72 195
74 89
74 155
75 23
75 25
75 61
75 74
75 89
75 90
75 173
76 51
76 103
76 107
77 16
77 58
77 149
78 7
78 10
78 20
78 55
78 90
78 116
78 123
78 142
78 156
78 190
79 81
79 90
79 99
79 115
79 120
79 136
79 137
79 138
79 142
79 194
81 11
81 21
81 45
81 139
81 141
81 173
82 7
82 22
82 25
82 28
82 31
82 44
82 46
82 49
82 64
82 76
82 83
82 85
82 91
82 195
82 199
83 5
83 16
83 21
83 35
83 56
83 77
83 88
83 141
83 169
83 174
84 93
84 103
84 129
85 14
85 61
86 93
86 103
86 119
86 147
86 153
87 0
87 35
87 51
87 83
87 84
87 129
87 158
88 92
89 31
90 107
90 120
91 28
91 61
91 86
91 110
91 124
91 126
91 147
91 155
91 162
91 163
91 167
91 168
91 170
92 38
92 62
92 73
94 5
94 14
94 35
94 44
94 45
94 53
94 59
94 61
94 73
94 97
94 119
94 163
94 173
95 7
95 37
95 51
95 128
95 145
95 171
95 173
95 194
95 197
96 10
96 34
96 43
96 139
96 140
96 141
96 145
96 153
96 176
96 197
97 18
97 86
97 124
97 175
97 178
98 2
98 3
98 16
98 25
98 63
98 85
98 155
98 173
99 23
99 34
99 50
99 90
99 153
99 178
100 3
100 6
100 33
100 41
100 43
100 50
100 61
100 84
100 124
100 140
100 142
100 149
100 155
100 158
101 18
101 31
101 35
101 46
101 50
101 64
101 75
101 79
101 99
101 102
101 118
101 122
101 139
101 144
101 167
101 192
102 195
103 4
103 93
103 167
104 0
104 8
104 23
104 36
104 80
104 90
104 144
104 147
104 176
104 199
105 26
105 35
105 102
105 113
105 116
105 175
105 183
106 1
106 9
106 15
106 41
106 43
106 61
106 65
106 88
106 90
106 111
106 114
106 117
106 118
106 120
106 121
106 138
106 140
106 144
106 149
106 157
106 166
106 170
106 181
106 192
108 35
108 53
108 90
108 107
108 119
108 136
109 61
109 153
109 165
109 189
110 38
110 42
110 45
110 75
110 79
110 94
110 101
110 117
110 125
110 131
110 167
110 175
110 187
111 7
111 9
111 16
111 35
111 40
111 84
111 107
111 114
111 136
111 142
112 16
112 31
112 33
112 42
112 43
112 83
112 96
112 115
112 122
112 136
112 152
112 167
112 173
112 198
113 1
113 24
113 42
113 43
113 63
113 67
113 75
113 102
113 123
113 143
113 155
113 163
113 190
114 8
114 12
114 48
114 78
114 81
114 86
114 89
114 93
114 97
114 124
114 143
114 175
114 195
115 9
115 31
115 33
115 43
115 59
115 61
115 64
115 69
115 103
115 119
115 167
115 192
116 4
116 11
116 21
116 38
116 39
116 145
116 155
116 197
117 0
117 2
117 23
117 50
117 69
117 74
117 86
117 88
117 113
117 124
117 149
117 158
117 173
117 175
117 177
117 190
118 18
118 32
118 39
118 59
118 67
118 71
118 76
118 102
118 108
118 116
118 147
118 149
118 165
118 167
119 80
121 20
121 42
121 66
121 67
121 69
121 75
121 97
121 104
121 151
122 3
122 39
122 62
122 90
122 119
123 23
123 38
123 93
124 5
124 14
124 25
124 84
124 88
124 147
125 0
125 10
125 28
125 87
125 118
125 127
125 140
125 148
125 151
125 156
125 170
125 189
125 194
126 3
126 8
126 41
126 57
126 104
126 114
126 117
126 118
126 137
126 153
126 169
126 176
126 177
126 178
127 0
127 14
127 37
127 38
127 39
127 52
127 64
127 74
127 86
127 88
127 99
127 115
127 121
127 129
127 146
127 147
127 152
127 163
127 174
127 199
128 0
128 25
128 59
128 63
128 97
128 119
128 122
128 158
129 4
129 51
130 11
130 23
130 38
130 40
130 51
130 54
130 58
130 74
130 102
130 114
130 115
130 119
130 123
130 125
130 134
130 164
130 169
130 195
131 6
131 30
131 49
131 54
131 61
131 73
131 113
131 118
131 144
131 148
132 65
132 76
132 83
132 94
132 116
132 118
132 119
132 131
132 159
132 163
133 13
133 14
133 24
133 29
133 55
133 66
133 76
133 77
133 136
133 137
133 168
133 181
133 190
134 3
134 17
134 32
134 37
134 65
134 96
134 99
134 108
134 146
134 151
134 153
134 155
135 23
135 24
135 30
135 31
135 49
135 53
135 63
135 65
135 71
135 77
135 81
135 89
135 97
135 122
135 148
135 156
135 170
135 195
136 88
137 4
137 14
137 62
137 197
138 4
138 9
138 34
138 35
138 36
138 38
138 42
138 51
138 53
138 57
138 83
138 147
138 153
138 155
139 0
139 17
140 90
140 123
142 0
142 34
142 64
142 80
142 81
142 83
142 119
143 14
143 30
143 34
143 44
143 49
143 155
143 197
144 2
144 4
144 35
145 2
145 10
145 21
145 76
145 80
145 129
146 34
146 58
146 59
146 141
146 169
146 190
147 51
147 103
148 3
148 9
148 17
148 43
148 53
148 54
148 59
148 63
148 65
148 71
148 75
148 93
148 97
148 128
148 173
148 178
149 53
149 86
149 129
150 1
150 12
150 18
150 45
150 50
150 63
150 79
150 80
150 91
150 102
150 114
150 117
150 123
150 153
150 163
150 164
150 177
151 3
151 8
151 31
151 84
151 97
151 104
151 115
151 136
151 158
151 178
152 11
152 43
152 88
153 73
153 155
154 0
154 6
154 36
154 51
154 59
154 83
154 95
154 124
154 138
154 163
155 103
156 0
156 23
156 25
156 107
156 173
156 175
157 6
157 8
157 17
157 32
157 34
157 37
157 50
157 51
157 54
157 66
157 74
157 75
157 96
157 146
157 151
157 165
158 3
158 53
158 137
158 141
158 147
158 156
158 195
159 1
159 8
159 11
159 14
159 17
159 28
159 43
159 53
159 59
159 60
159 93
159 119
159 149
160 18
160 45
160 47
160 59
160 62
160 80
160 87
160 98
160 113
160 116
160 117
160 121
160 147
160 149
160 151
160 167
160 173
160 199
161 2
161 20
161 30
161 40
161 43
161 65
161 88
161 104
161 107
161 124
161 129
161 152
161 154
161 172
161 176
161 197
162 27
162 38
162 51
162 66
162 102
162 107
162 139
162 143
162 163
162 168
162 176
162 192
163 14
163 17
163 20
163 23
163 41
163 53
163 174
163 199
164 4
164 8
164 65
164 119
164 120
164 121
164 124
164 131
164 153
164 171
164 194
164 195
165 12
165 23
165 41
165 58
165 78
165 116
165 123
165 140
165 190
166 16
166 29
166 45
166 56
166 117
166 120
166 126
166 197
168 0
168 8
168 33
168 39
168 64
168 89
168 97
168 178
168 192
169 0
169 11
169 14
169 45
169 51
169 80
169 85
169 103
169 137
169 152
170 7
170 30
170 44
170 48
170 49
170 53
170 77
170 89
170 97
170 100
170 141
170 159
170 192
171 4
171 6
171 29
171 37
171 41
171 42
171 48
171 53
171 74
171 79
171 92
171 117
171 129
171 135
171 137
171 140
171 141
171 155
171 178
172 5
172 7
172 11
172 44
172 46
172 55
172 64
172 77
172 79
172 83
172 92
172 99
172 120
172 128
172 151
172 184
172 198
173 76
173 167
173 175
174 7
174 16
174 21
174 73
174 84
174 93
174 119
174 120
174 123
174 144
174 153
174 156
174 195
176 11
176 129
176 136
176 152
177 31
177 35
177 58
177 60
177 81
177 86
177 97
177 104
177 121
177 124
177 149
177 192
177 199
178 16
178 25
178 41
178 45
178 80
178 81
178 93
178 108
178 119
178 140
178 152
178 199
179 2
179 5
179 16
179 40
179 77
179 94
179 97
179 100
179 108
179 146
179 171
179 184
179 186
179 187
179 194
180 2
180 4
180 23
180 40
180 60
180 62
180 78
180 79
180 102
180 175
180 199
181 19
181 22
181 55
181 56
181 64
181 104
181 118
181 139
181 146
181 168
181 176
181 178
181 189
182 11
182 20
182 33
182 42
182 50
182 62
182 65
182 66
182 70
182 86
182 92
182 120
182 124
182 128
182 131
182 140
182 159
182 160
182 174
182 192
182 194
183 6
183 45
183 50
183 60
183 88
183 136
183 143
183 167
184 3
184 14
184 45
184 64
184 75
184 78
184 80
184 97
184 98
184 107
184 116
184 151
184 183
185 14
185 15
185 27
185 39
185 56
185 61
185 65
185 66
185 78
185 83
185 89
185 98
185 102
185 104
185 107
185 126
185 143
185 145
185 149
185 175
185 197
186 2
186 5
186 17
186 33
186 39
186 64
186 66
186 85
186 96
186 140
186 183
187 5
187 22
187 28
187 33
187 47
187 49
187 71
187 75
187 90
187 92
187 94
187 105
187 123
187 136
187 148
187 167
187 198
188 39
188 45
188 60
188 63
188 71
188 77
188 107
188 117
188 135
188 157
188 184
188 197
189 5
189 7
189 19
189 37
189 43
189 49
189 77
189 115
189 139
189 186
190 6
190 14
190 25
190 36
190 43
190 49
190 61
190 136
190 145
190 192
191 20
191 34
191 71
191 82
191 93
191 113
191 115
191 117
191 122
191 141
191 156
191 157
191 165
191 167
191 176
191 178
192 6
192 21
192 26
192 81
192 92
192 175
193 11
193 19
193 39
193 61
193 64
193 70
193 82
193 96
193 102
193 104
193 107
193 114
193 115
193 132
193 134
193 138
193 159
193 176
193 191
193 195
194 41
194 55
194 66
194 98
194 115
194 119
194 120
194 137
194 143
194 152
194 186
195 18
195 73
195 152
196 3
196 7
196 24
196 44
196 63
196 67
196 81
196 83
196 103
196 110
196 122
196 144
196 153
196 154
196 158
196 183
196 192
197 34
197 38
197 90
197 92
197 141
198 9
198 14
198 23
198 32
198 53
198 73
198 89
198 131
198 149
198 183
199 11
199 21
199 74
199 129
199 152
199 155
