1000
9 6 970 963 638 709 953 670 404 973 416 486 242 569 563 150 637 356 356 143 970 246 595 889 917 783 583 316 120 518 202 837 64 151 450 666 18 110 980 857 870 436 185 216 699 110 498 625 468 743 730 969 710 76 559 707 816 779 813 252 793 926 431 154 349 819 240 972 951 718 623 688 156 851 966 231 316 112 243 565 511 395 419 200 229 985 374 383 914 586 299 769 981 624 211 816 185 764 851 253 791 84 857 373 942 762 572 118 605 324 795 951 197 699 936 364 850 878 269 400 491 678 570 334 692 712 236 222 865 170 822 786 535 193 766 785 385 868 728 441 895 744 904 42 293 549 701 151 156 21 500 333 352 166 947 252 821 802 592 972 77 511 430 190 987 690 771 7 781 778 342 646 973 504 788 813 495 265 65 315 618 503 853 874 595 646 364 815 57 213 458 52 899 660 140 615 735 604 110 618 881 314 450 773 693 567 54 764 828 352 985 849 503 423 151 705 142 142 751 977 685 228 728 489 438 769 320 833 970 835 788 765 444 520 308 726 247 218 614 131 710 292 230 785 611 805 917 61 818 731 57 241 127 482 818 240 951 113 882 905 348 758 848 508 725 355 464 870 691 626 800 300 615 555 8 419 215 833 484 667 483 110 107 978 598 175 859 180 784 736 207 142 489 470 8 487 623 277 828 234 967 774 439 655 353 227 797 102 647 94 339 740 449 601 238 200 486 32 773 595 873 282 132 331 50 56 103 630 9 817 185 544 889 240 133 282 832 368 732 445 586 395 923 813 401 354 216 19 272 958 690 146 400 184 209 543 894 606 784 77 855 352 912 887 464 826 145 318 294 956 476 35 984 122 182 257 308 890 2 600 183 595 724 327 266 572 123 837 689 522 610 98 525 560 15 148 84 224 915 938 369 843 659 460 977 292 959 716 299 561 78 793 562 242 251 282 630 796 735 241 374 372 526 36 335 551 658 166 796 747 894 945 765 118 824 176 158 98 292 215 0 649 181 926 15 804 232 642 813 59 363 657 18 489 703 283 57 652 851 395 16 671 257 454 477 617 6 419 4 594 197 88 282 825 874 15 838 279 322 613 606 199 697 646 362 325 224 411 944 930 706 858 352 807 615 803 646 706 553 217 183 729 912 386 232 420 207 102 179 926 428 482 932 574 269 138 605 857 119 979 292 13 407 628 294 249 691 398 55 194 822 345 294 175 326 530 706 427 398 634 671 155 140 625 212 558 912 537 989 177 78 229 600 221 2 870 186 954 452 166 438 765 705 594 609 620 648 689 280 705 954 670 261 896 234 468 628 581 584 79 756 136 117 725 570 125 544 874 644 127 222 729 526 316 138 527 437 160 489 472 583 390 492 796 309 18 589 25 137 232 159 856 912 710 606 653 731 130 86 389 420 732 193 95 146 335 837 269 595 906 213 189 643 525 121 801 417 841 108 182 831 160 402 521 59 966 897 681 798 583 241 892 755 422 128 560 589 828 903 398 248 229 824 624 959 585 658 870 364 209 585 322 458 410 648 970 660 458 725 725 30 160 728 93 797 742 414 858 585 801 568 881 934 242 680 548 68 646 741 766 38 478 406 56 138 523 518 514 720 441 569 390 953 541 641 143 784 938 870 415 51 363 108 590 824 647 402 202 569 825 514 867 878 634 5 234 319 220 616 19 564 170 601 927 466 207 484 641 403 54 435 979 634 470 252 231 71 865 806 944 936 954 486 441 609 210 272 630 511 100 921 98 16 724 541 859 208 527 786 580 521 451 312 857 755 989 325 187 444 244 657 293 0 584 530 475 242 40 374 855 138 476 838 512 15 315 197 951 447 968 42 764 188 696 184 317 390 708 740 853 325 603 345 923 720 738 41 285 828 215 803 208 912 699 589 204 267 177 228 151 800 955 45 31 551 740 360 374 754 429 865 319 85 574 606 264 775 264 895 83 361 575 719 230 43 471 579 950 479 808 646 472 672 803 295 267 515 882 918 127 269 476 284 620 477 784 461 851 539 583 11 107 217 569 801 215 984 733 218 630 373 115 424 374 351 811 524 620 136 234 382 103 785 246 577 559 763 305 441 846 470 222 887 838 577 696 656 9 741 772 563 605 999 638 662 782 144 8 927 470 115 160 896 254 444 112 395 411 991 429 14 104 9 985 796 386 469 441 900 154 857 747 736 978 717 900 596 429 49 186 623 786 744 572 776 582 902 198 894 742 59 560 198 131 794 743 515 949 492 314 597 320 191 238 863 123 911 318 705
1000
1 667 487
1 865 881
1 998 357
2 392
2 281
2 529
1 656 683
2 590
1 587 240
1 587 764
1 14 24
1 50 653
1 434 77
2 483
2 165
2 643
2 475
1 467 958
2 415
1 448 455
1 682 916
1 676 611
1 612 70
2 25
1 660 109
2 12
2 120
2 425
2 467
2 377
1 927 882
1 200 240
1 288 578
2 447
2 535
1 295 382
1 994 368
2 200
1 197 140
2 893
1 488 315
2 249
2 938
1 357 789
2 98
1 79 869
1 302 757
1 948 862
1 466 383
1 758 238
1 56 129
2 75
1 51 276
1 17 733
1 97 558
2 127
1 952 899
1 522 511
1 621 864
1 325 442
1 996 954
2 926
2 711
2 956
2 700
2 739
2 686
1 197 689
1 166 197
2 71
1 975 564
2 432
2 461
2 489
1 637 154
1 336 928
1 49 908
2 406
1 908 773
1 111 78
2 96
2 174
1 643 200
1 576 6
2 143
1 349 162
1 289 87
1 729 144
2 107
2 250
2 390
2 560
2 335
2 23
1 273 807
2 452
2 447
1 394 914
2 524
2 775
1 359 895
1 677 53
1 132 920
2 649
1 400 180
1 931 699
2 361
1 488 197
1 308 588
1 215 982
2 992
2 392
2 830
2 977
2 478
2 940
1 972 466
1 549 682
1 593 641
2 416
2 938
1 179 216
1 461 398
1 41 475
2 38
1 644 686
1 237 697
2 973
1 938 144
2 411
2 889
1 546 692
1 225 648
2 536
2 599
1 767 263
2 962
2 449
2 973
2 862
1 259 300
2 161
1 379 140
1 721 990
2 945
2 353
2 731
1 162 862
1 970 484
1 73 940
2 200
2 898
1 189 672
2 545
1 214 932
2 759
1 961 141
2 522
2 137
1 407 855
2 271
2 782
1 991 455
1 315 525
1 247 936
2 268
1 621 662
2 638
1 830 265
2 45
2 342
2 46
1 490 711
2 650
1 889 551
2 143
2 591
1 477 641
2 752
2 128
2 960
2 905
2 327
2 829
2 890
1 467 855
2 849
1 578 985
1 636 224
2 171
1 150 913
2 325
2 191
2 713
2 241
2 702
1 272 179
1 274 289
1 84 199
1 992 748
1 98 697
1 796 946
1 141 280
2 326
1 600 223
1 504 419
2 241
2 727
2 198
2 195
2 859
2 323
1 751 349
1 195 342
2 749
2 248
2 719
2 102
2 752
2 694
2 124
1 601 967
1 90 414
1 92 890
1 275 643
2 611
2 88
2 564
1 143 569
2 356
2 355
2 412
2 781
2 71
1 235 719
2 144
2 237
2 268
1 325 863
2 481
2 615
2 778
1 491 265
2 249
2 576
2 935
1 647 68
2 184
2 744
1 848 307
1 865 532
2 865
2 439
2 182
2 181
2 140
2 998
1 532 407
1 554 238
2 755
1 969 756
1 159 871
1 215 854
2 658
2 287
1 370 473
2 95
2 794
1 509 799
2 956
1 682 842
2 296
1 820 275
1 650 338
1 519 44
1 543 760
2 995
2 27
2 937
1 793 351
2 178
2 242
2 62
1 199 443
2 609
1 516 601
2 649
1 839 224
2 471
1 242 782
2 644
1 993 199
2 347
1 825 525
1 95 430
1 594 540
1 956 454
1 908 589
1 879 872
1 211 420
2 162
2 676
2 567
1 857 720
1 676 204
1 536 443
1 782 285
1 384 916
2 12
2 12
2 372
2 312
2 261
1 552 476
1 73 204
2 318
2 772
1 743 277
2 21
2 101
1 3 664
2 220
2 193
2 315
2 631
2 400
2 365
1 355 672
2 527
2 767
2 781
2 985
2 683
1 880 477
2 841
2 580
1 331 642
1 260 925
2 758
2 184
2 186
2 866
2 801
2 414
2 938
2 270
1 476 988
2 145
1 553 43
1 96 755
1 951 781
1 272 798
2 867
1 624 67
2 644
1 883 402
1 913 158
1 593 522
1 831 714
1 487 539
1 357 613
1 989 161
1 438 693
2 126
1 426 872
1 962 462
2 687
1 533 183
2 58
2 988
1 250 596
2 56
1 398 105
1 253 928
2 943
2 147
2 697
1 55 985
1 2 923
2 130
1 661 752
2 238
2 242
2 161
1 569 80
2 291
2 924
2 200
2 51
2 331
1 120 864
1 514 758
1 342 960
2 972
1 780 610
2 701
1 782 731
1 201 466
2 453
2 564
1 370 640
1 934 369
1 851 13
2 184
1 267 16
2 437
2 496
2 575
1 312 397
2 927
2 494
2 352
1 2 877
2 27
1 244 861
1 23 844
2 431
1 959 150
2 782
2 682
1 347 199
2 762
2 885
2 426
1 999 134
1 76 134
2 863
2 663
2 780
2 898
1 536 346
1 471 730
2 567
2 924
2 836
1 133 714
2 813
2 239
1 818 945
1 371 249
1 298 900
2 531
2 850
1 530 265
1 1 767
2 148
2 724
2 864
2 494
2 32
1 688 112
2 449
1 670 790
1 306 797
2 844
1 337 438
1 295 23
1 347 169
2 963
1 175 17
2 511
2 157
1 972 741
2 898
1 308 605
1 365 271
1 791 612
1 24 107
2 778
2 118
1 158 482
2 639
2 394
1 419 393
2 10
2 257
1 0 797
1 272 32
1 66 710
1 103 751
1 228 643
2 180
1 471 427
1 125 164
2 748
2 433
2 175
1 54 742
1 336 706
1 562 968
1 823 987
2 96
1 802 434
2 463
1 569 26
2 681
2 952
2 262
2 929
2 620
1 919 528
1 272 224
1 69 71
2 975
1 192 729
2 847
2 25
2 180
1 164 874
2 318
1 833 935
1 754 557
2 610
1 719 160
1 216 645
1 210 161
2 617
1 915 141
2 637
1 682 64
1 551 958
1 823 440
2 827
1 906 66
1 178 939
2 526
1 756 131
2 778
1 114 723
2 609
1 886 809
1 372 948
1 243 561
1 905 946
2 62
1 753 59
2 746
2 532
1 372 146
1 53 842
2 768
2 960
2 582
1 973 882
1 351 760
2 430
1 660 705
1 592 422
1 746 54
2 642
2 838
1 428 136
2 892
2 620
1 787 592
2 212
1 302 242
2 304
2 400
1 31 207
1 409 95
1 879 90
1 2 601
1 640 437
1 12 904
2 102
1 293 350
1 436 5
2 25
1 293 247
2 333
2 756
1 573 441
2 575
2 310
2 298
1 996 972
2 28
2 725
1 865 523
2 734
2 791
1 862 365
1 622 847
1 318 544
2 717
1 988 589
1 15 672
1 645 926
2 940
1 134 449
1 866 374
2 413
2 363
2 823
2 201
1 676 183
2 524
2 776
2 498
1 959 494
2 182
1 359 203
2 335
1 578 221
2 173
2 719
1 61 24
2 9
2 948
2 420
1 407 146
1 37 921
1 381 657
2 167
2 229
1 381 40
1 7 805
2 99
2 598
1 462 592
1 574 411
1 313 543
1 39 968
1 267 786
2 445
2 227
1 387 433
1 606 14
2 171
2 4
2 531
1 304 72
1 357 132
2 282
1 841 292
2 899
2 432
2 61
1 716 136
1 529 565
1 603 611
2 693
1 969 357
1 91 600
2 987
2 66
1 134 463
1 574 429
1 787 291
2 274
2 110
1 529 66
1 905 689
1 522 872
1 802 948
2 302
2 715
1 213 102
1 167 241
2 876
2 648
2 135
2 466
1 969 257
1 123 42
1 396 840
2 977
2 743
2 997
2 518
1 587 519
2 366
2 368
1 602 352
2 487
2 617
1 139 286
2 326
1 434 11
1 263 896
2 432
2 355
2 231
2 702
2 861
1 904 686
1 16 752
1 322 318
2 298
2 273
1 46 509
1 280 451
1 19 277
2 162
1 138 380
2 987
1 241 824
1 974 146
1 80 690
2 416
1 497 523
1 411 651
2 809
1 284 899
2 21
2 81
2 469
2 524
1 137 223
2 705
1 598 492
1 794 864
2 13
1 110 828
1 691 882
2 538
2 125
1 88 806
2 558
1 457 14
1 83 311
1 943 261
2 539
2 185
2 155
1 971 108
1 145 733
2 393
1 681 984
1 647 902
2 957
2 787
1 28 97
2 16
1 359 186
1 831 579
1 607 706
2 899
2 530
2 33
2 743
1 752 515
1 576 530
2 113
2 616
2 8
1 989 432
2 635
1 281 541
2 264
1 833 797
2 467
2 137
1 903 46
1 727 486
2 865
1 68 427
2 398
1 223 522
1 161 45
2 813
2 686
1 142 484
1 883 595
1 15 549
2 420
1 858 191
1 223 72
1 439 248
1 277 6
2 524
2 595
1 797 898
1 957 757
2 436
2 968
2 476
2 167
1 424 875
1 383 67
2 10
1 364 90
2 424
1 322 157
2 189
1 778 288
2 794
2 873
1 717 406
1 945 976
1 33 75
2 81
1 353 160
2 675
1 580 124
2 742
2 501
1 917 496
1 965 773
1 619 861
1 582 814
2 728
1 3 863
1 697 923
2 939
2 994
1 546 416
1 43 292
2 141
1 383 884
1 695 921
2 469
2 617
1 327 448
1 910 538
1 421 999
1 415 516
2 193
1 483 214
2 967
2 869
2 885
1 256 239
2 809
1 69 608
1 18 507
2 356
1 585 114
2 797
1 872 308
2 794
2 243
2 592
2 418
2 917
2 7
2 701
1 302 276
2 361
1 814 779
2 608
2 877
1 572 219
2 54
1 288 159
2 596
1 423 283
2 358
2 743
2 14
1 995 950
2 653
2 936
1 158 931
2 424
1 890 1
2 109
1 375 735
2 372
2 917
1 606 994
2 901
2 11
1 634 719
2 617
2 826
1 648 641
1 766 588
1 620 577
1 982 659
2 884
2 408
2 600
1 385 186
2 977
2 939
1 894 568
1 853 333
1 295 288
2 518
1 962 798
1 491 469
2 702
2 194
2 607
2 790
1 17 77
1 237 530
2 623
1 547 434
1 725 153
2 100
2 73
2 511
1 936 720
2 539
1 87 477
2 594
1 285 838
1 754 212
2 749
1 880 224
2 488
1 568 92
2 460
1 856 863
1 555 8
2 680
1 731 563
2 306
2 603
1 2 985
1 605 114
1 64 563
1 811 423
2 391
2 565
1 272 935
1 650 485
2 664
2 403
1 765 599
2 781
2 636
2 186
1 876 185
2 615
1 985 646
1 579 955
1 239 27
2 612
2 388
1 5 97
1 636 301
2 509
1 899 973
1 201 201
2 657
2 876
2 845
2 913
1 477 305
2 434
2 575
1 718 979
1 669 925
2 314
1 150 466
2 693
2 808
1 547 503
2 424
1 420 658
2 399
2 916
2 5
2 220
2 214
2 771
1 132 520
1 127 174
2 641
2 999
1 0 127
2 89
2 255
1 189 697
1 609 15
2 862
2 286
2 959
1 809 880
2 237
1 181 696
2 114
1 291 855
1 639 66
1 552 746
2 248
1 379 539
2 101
2 771
1 876 251
2 759
1 417 23
2 556
2 795
2 507
1 688 937
2 380
2 444
2 538
1 179 696
2 813
2 326
2 131
2 886
2 714
1 740 690
