1000
0 94 796 962 648 278 975 118 795 5 798 215 394 344 358 654 305 358 450 829 910 580 662 113 489 445 820 296 507 818 557 823 73 46 242 363 187 195 313 398 553 340 766 169 457 819 290 153 490 45 683 916 543 897 503 487 932 880 791 983 548 835 82 276 478 43 882 954 72 72 992 266 769 355 667 729 51 184 994 941 266 895 210 79 36 825 327 465 112 753 990 670 294 473 972 228 902 615 891 469 894 198 884 410 302 85 167 620 67 644 689 238 671 398 517 78 742 348 215 416 311 422 522 48 608 791 756 798 644 790 198 967 223 646 315 945 789 197 532 838 280 547 750 47 525 472 975 50 304 46 315 94 210 469 730 77 49 978 192 277 492 252 372 80 100 872 391 471 889 679 168 784 245 329 177 292 487 267 956 293 487 710 64 910 698 136 416 661 212 802 521 742 928 414 920 942 870 875 727 861 577 376 311 598 110 947 960 544 342 777 114 422 748 695 397 503 374 942 859 320 229 210 302 488 624 788 413 481 498 440 933 416 342 60 653 161 593 859 489 906 511 660 336 713 508 85 946 391 307 501 239 36 34 651 959 71 581 643 614 477 624 725 496 272 750 934 387 365 130 307 370 576 900 613 546 902 683 74 912 27 309 72 229 400 790 127 702 166 743 890 411 644 584 290 276 164 81 952 398 929 950 972 959 747 145 550 48 201 919 185 84 220 948 508 145 606 92 819 397 380 529 582 583 60 838 157 145 4 631 363 875 925 268 226 238 685 270 467 742 825 382 330 392 956 409 21 686 419 306 454 172 569 512 732 556 371 302 21 714 132 422 677 953 947 362 948 384 650 127 177 270 411 698 681 407 944 148 769 767 980 167 721 41 932 240 146 847 830 802 273 490 936 12 501 294 407 756 506 329 320 578 887 852 421 209 177 406 999 641 646 90 717 280 544 894 271 105 831 979 674 393 900 895 907 116 89 750 142 50 442 872 125 166 548 704 410 140 346 386 747 185 51 498 339 691 596 439 463 653 145 186 141 358 282 135 532 657 880 85 195 851 119 306 324 984 10 296 93 425 284 851 142 820 60 861 265 628 949 728 856 231 970 836 428 829 122 800 538 717 179 315 45 190 749 653 402 662 131 492 231 123 679 639 785 400 687 991 125 516 652 274 22 925 192 915 842 71 221 901 360 569 309 66 62 962 917 219 129 856 551 7 580 444 297 525 757 994 467 495 526 194 949 505 461 514 822 702 702 60 198 723 121 605 460 917 445 232 792 652 579 924 229 953 502 81 170 631 571 684 790 306 697 510 956 731 621 79 278 760 775 487 852 980 142 457 884 887 892 463 657 986 136 452 179 938 548 105 469 60 654 763 641 173 274 52 46 929 277 126 838 662 238 127 286 677 998 811 425 146 831 226 297 269 503 503 870 917 182 446 53 993 686 838 926 503 70 831 117 280 666 370 872 466 934 781 965 672 78 628 411 445 440 724 306 817 510 405 279 784 149 575 164 539 879 556 544 592 48 261 601 875 445 899 293 395 583 47 685 498 467 116 985 333 60 601 0 684 788 852 882 929 0 319 238 910 488 224 692 407 971 817 79 718 414 69 987 781 538 823 154 346 122 853 478 752 338 298 444 390 849 316 402 189 60 78 434 0 989 536 159 270 195 923 750 942 518 643 443 144 650 181 944 851 960 930 538 670 990 987 418 487 631 358 315 810 981 230 99 901 411 904 707 788 400 559 124 612 946 622 282 55 428 779 196 465 849 992 971 455 729 446 163 991 461 279 94 613 397 474 342 925 266 220 932 895 639 644 834 361 687 960 900 405 907 893 720 386 929 832 252 579 993 213 947 730 401 140 630 898 702 742 976 346 683 386 47 185 48 625 907 972 268 656 280 245 348 206 526 533 281 856 46 74 270 860 640 369 810 760 357 581 537 341 600 997 901 163 733 422 547 455 147 834 492 329 986 199 526 343 525 30 684 222 72 645 89 146 837 956 906 845 242 457 842 875 423 543 527 209 406 464 653 928 757 191 873 448 569 803 171 959 144 1 487 390 672 200 449 466 626 544 272 374 994 123 458 619 790 912 52 313 420 470 870 314 840 407 357 766 534 692 825 839 407 345 849 649 583 368 958 993 653 732 134 171 683 263 772 395 6 133 434 521 106 301 761 306 801 432 807 977 185 566 46 919 979 762 821 366 823 228 413 856 858 747 299 705 901 534 717 22 68 537 441 617 246 77 870 747 781 852 191 918 0 33 55 498 929 666
1000
2 39
1 612 847
1 154 707
1 936 101
2 250
2 725
2 548
2 283
2 882
2 402
1 706 840
2 12
2 633
2 43
1 315 196
1 174 295
2 693
2 141
2 18
1 990 919
2 330
2 150
2 141
2 339
1 247 109
2 210
1 124 442
2 539
2 360
1 809 988
1 458 767
1 850 669
2 1
2 622
2 725
2 297
1 151 430
1 169 252
1 857 76
1 5 97
1 414 210
1 286 896
2 443
1 133 239
1 337 988
1 296 956
2 950
1 617 914
1 588 372
2 810
1 738 33
1 822 395
1 668 107
2 723
2 998
2 104
2 427
1 684 879
1 893 559
2 214
1 454 920
1 851 41
1 685 688
2 319
2 764
2 836
1 809 666
2 546
1 415 3
2 172
2 756
2 934
2 193
1 29 581
1 627 476
2 1
1 85 598
2 308
1 837 723
1 870 152
2 383
1 605 788
1 746 53
2 57
1 586 155
2 753
2 494
1 671 62
2 869
2 664
2 269
1 32 558
2 600
2 402
2 700
1 36 867
1 835 476
2 67
2 879
2 882
2 467
2 658
1 567 663
2 947
2 63
1 172 173
1 930 213
1 390 699
1 274 456
1 630 631
1 464 86
1 184 611
1 763 768
1 911 305
1 701 208
1 447 591
1 214 781
1 642 527
2 280
2 921
2 593
2 525
2 454
1 93 455
2 717
1 871 840
2 781
1 809 913
1 305 696
2 823
1 4 368
2 620
1 698 287
1 1 254
2 536
1 251 286
2 99
2 316
2 787
1 313 209
2 102
2 81
1 730 69
1 975 455
2 918
2 870
1 525 520
1 92 265
1 322 273
1 388 546
1 187 659
1 51 392
2 37
1 499 908
1 705 297
2 246
1 420 773
1 569 86
2 372
2 836
1 264 596
2 369
2 667
1 706 58
2 996
2 363
1 749 722
1 373 370
2 846
2 193
2 248
1 68 86
1 38 380
2 382
1 961 392
1 879 479
1 899 671
1 739 648
2 753
1 314 693
1 10 641
1 127 567
1 491 208
2 727
2 769
2 312
1 377 334
2 62
2 76
1 75 404
1 661 683
2 427
1 72 630
1 316 514
1 923 862
1 380 45
1 794 429
2 641
1 703 703
1 623 120
1 956 600
1 860 818
2 756
2 239
1 900 921
1 605 662
1 321 527
2 469
2 498
1 133 937
2 604
2 227
1 313 862
1 676 681
1 567 46
1 634 59
1 152 416
1 844 293
1 307 943
1 572 844
1 318 3
2 827
2 390
2 950
2 823
2 291
1 662 190
2 479
1 812 726
1 949 168
1 520 249
2 473
2 882
2 686
1 150 126
1 110 132
2 829
2 404
1 290 696
2 90
1 157 836
2 91
1 349 934
1 834 597
1 919 877
1 693 927
1 208 33
2 199
2 808
1 184 588
1 557 867
2 836
2 130
2 80
1 695 961
2 900
2 971
1 427 815
1 842 175
1 737 662
2 590
1 442 463
2 948
2 176
2 511
2 638
1 13 950
2 995
1 777 651
1 854 681
2 416
2 995
2 375
1 935 791
2 972
1 160 537
2 704
2 456
1 950 732
2 700
2 721
2 307
2 833
2 564
1 730 636
2 211
2 236
2 148
2 659
2 574
2 796
2 269
1 363 380
1 139 447
2 990
2 437
2 557
2 840
1 380 215
2 315
1 624 930
1 733 159
1 805 784
1 212 831
1 548 610
1 576 27
2 585
1 47 42
1 696 78
2 866
1 854 430
2 464
2 234
1 339 164
1 197 205
2 792
2 192
2 139
2 319
2 609
1 255 303
1 636 714
2 363
1 293 774
1 291 276
2 656
2 31
1 360 464
2 225
1 649 524
1 95 242
1 986 778
1 947 894
2 280
1 465 708
2 879
1 678 942
1 269 220
1 877 475
1 962 232
1 561 426
2 766
2 620
1 240 174
2 639
2 691
1 323 722
2 967
2 845
2 886
1 388 131
1 750 394
1 652 403
2 345
2 958
2 912
2 576
2 440
2 374
1 75 918
2 389
1 927 353
1 585 424
2 390
2 860
2 360
2 381
2 510
1 920 743
1 80 427
2 669
2 719
2 231
1 612 393
2 51
2 98
2 205
2 598
2 404
2 387
1 638 691
2 35
1 32 879
1 993 235
1 116 190
1 558 539
2 156
2 188
1 256 402
1 604 24
2 419
1 808 135
1 183 138
1 360 979
2 815
2 801
2 99
2 639
1 403 783
1 750 70
1 826 532
1 447 565
2 767
1 845 314
1 951 641
2 501
1 416 953
1 511 339
1 784 275
2 824
2 632
2 326
1 754 391
2 676
1 286 58
2 420
1 324 840
2 220
2 176
2 31
1 684 903
2 967
2 210
1 217 875
1 699 902
1 843 606
1 599 537
1 316 405
1 866 77
2 903
1 625 378
2 510
1 518 399
2 782
1 370 281
1 943 336
2 11
1 861 849
2 134
2 914
2 885
2 122
2 647
2 40
2 232
1 399 852
2 487
1 439 132
2 281
1 946 294
1 490 626
2 426
1 340 324
2 704
2 570
2 93
2 819
2 891
2 582
2 572
1 291 412
1 55 867
1 413 462
2 553
1 523 483
1 345 468
2 813
1 477 354
2 447
2 483
1 543 757
1 649 199
1 434 509
2 815
2 605
1 472 626
2 822
1 37 610
1 364 230
1 895 115
1 444 598
2 27
1 687 60
1 523 470
2 24
1 945 485
2 955
2 945
1 862 578
1 371 153
2 824
1 177 606
1 854 249
2 47
2 194
1 597 525
2 907
1 288 475
1 245 502
2 509
2 594
2 804
2 907
1 742 707
2 157
2 753
2 407
1 94 852
2 166
1 779 986
1 787 623
2 151
1 4 590
2 756
2 473
2 535
2 73
2 376
1 843 742
1 351 904
1 465 974
1 125 746
2 383
2 356
2 948
1 338 85
2 726
1 539 913
1 638 412
2 653
1 349 569
1 587 941
2 252
1 272 644
1 283 17
1 260 285
2 109
2 543
1 258 76
2 535
1 679 476
2 76
1 156 604
2 718
1 896 984
2 166
1 184 476
1 473 280
1 357 55
1 568 296
1 701 213
1 325 885
2 607
1 633 277
2 196
2 214
2 669
1 898 446
2 158
2 543
1 662 379
1 738 368
2 329
1 965 645
2 414
1 720 77
2 436
1 469 408
2 790
1 872 425
2 240
1 81 685
2 124
2 712
2 625
1 508 343
1 368 42
1 690 833
2 126
1 144 102
1 152 170
2 109
1 219 593
1 620 481
2 745
2 149
2 299
2 98
1 843 440
2 241
1 508 932
2 12
1 792 495
1 360 418
2 985
2 700
1 43 164
1 817 661
1 213 958
2 41
2 226
2 882
1 239 678
1 891 308
2 371
2 585
1 400 435
1 394 432
1 617 986
2 344
2 84
2 195
2 120
2 199
1 242 436
2 738
1 871 88
1 659 392
2 520
2 505
2 599
2 742
1 135 691
1 331 721
2 535
1 120 414
2 222
1 77 852
2 197
1 690 206
1 697 171
1 168 977
2 59
2 467
1 201 79
2 390
2 592
2 827
2 35
1 886 82
1 14 917
1 747 30
2 285
2 322
2 391
2 714
2 592
2 34
1 647 555
1 847 661
1 389 601
2 549
1 573 309
2 452
1 529 819
2 59
2 753
2 869
1 715 334
2 477
2 687
1 924 383
2 628
1 568 363
2 356
2 943
1 643 757
2 365
1 87 406
1 34 199
2 581
1 494 150
2 622
2 239
1 666 231
1 583 975
1 61 880
1 962 89
2 763
2 419
1 821 921
1 445 893
1 431 712
2 580
2 269
2 91
2 873
1 681 904
1 169 214
2 53
1 283 373
2 607
2 450
1 128 727
2 141
2 808
1 168 969
2 615
1 615 538
1 337 481
2 594
2 93
1 582 717
2 230
1 294 738
1 416 487
2 962
2 140
1 255 29
2 290
1 304 725
1 144 878
1 611 436
1 776 539
2 926
2 379
1 996 840
2 409
1 399 899
1 820 430
2 892
1 754 161
2 839
2 720
2 675
1 750 807
2 362
2 284
1 564 296
1 855 356
1 811 394
1 404 292
2 181
1 151 491
1 885 867
1 343 173
2 146
2 119
2 441
2 908
2 163
2 359
1 410 523
1 128 752
1 944 160
1 123 458
1 660 881
1 49 419
1 832 805
1 951 225
2 632
2 703
1 545 208
2 501
1 384 152
1 32 481
1 303 792
2 678
2 881
2 759
2 144
2 913
1 224 84
1 835 967
1 145 381
2 771
2 979
1 149 359
2 460
1 919 777
1 573 459
2 524
1 493 146
2 12
2 729
1 631 707
2 478
2 162
2 433
1 286 901
1 867 634
2 886
2 2
1 388 384
1 232 786
2 74
1 65 303
1 641 207
2 952
1 639 474
1 554 157
2 904
1 972 989
1 617 459
2 619
2 510
2 343
2 208
1 243 613
2 511
1 81 332
1 605 346
1 430 498
2 209
1 270 393
2 242
2 657
1 822 872
2 812
1 902 902
2 496
2 382
2 42
1 901 76
2 617
2 920
2 629
1 327 724
2 33
2 948
2 97
2 140
1 568 733
1 201 237
2 977
2 679
1 790 6
2 797
1 217 656
2 689
2 745
1 5 570
2 920
2 945
1 417 217
2 844
2 25
2 405
2 242
1 796 651
1 526 21
2 970
1 677 7
2 931
2 430
2 846
2 678
1 383 193
1 427 89
1 483 458
2 971
1 908 364
2 230
1 244 567
1 982 297
2 969
1 683 393
2 245
1 155 586
2 768
1 671 522
2 616
1 59 120
1 804 394
2 692
2 721
2 333
1 558 938
1 578 802
1 846 431
1 449 43
1 149 883
2 54
2 895
2 623
1 538 11
2 743
1 322 414
1 368 492
2 554
1 689 100
2 576
2 36
1 66 504
2 537
1 754 669
2 996
1 796 89
1 933 534
1 755 154
2 811
2 137
1 941 564
1 584 499
2 770
2 239
1 274 281
1 137 884
1 966 246
1 338 527
1 316 571
2 138
1 534 163
1 147 77
2 283
2 411
1 392 954
1 900 609
1 525 96
1 471 292
2 97
2 527
1 383 403
2 788
2 254
1 372 187
1 636 570
1 559 884
2 811
2 401
1 994 472
1 22 638
2 870
2 110
2 205
1 117 817
1 950 753
2 553
2 154
1 313 365
2 728
2 881
2 774
2 631
1 442 840
2 567
1 664 882
1 920 543
1 279 651
2 964
2 900
2 587
2 874
2 179
1 439 601
2 685
2 355
2 968
2 959
2 586
1 262 530
2 422
1 408 878
1 430 138
2 278
2 29
2 292
2 35
1 378 731
1 436 837
1 947 643
1 517 873
1 596 308
2 199
2 789
1 341 797
2 377
2 867
2 182
1 943 561
2 325
1 762 245
1 517 993
2 277
1 437 482
1 75 141
1 280 72
2 42
2 714
1 506 678
2 790
1 130 312
2 231
1 516 944
2 101
2 823
2 725
2 17
1 464 522
2 291
1 281 413
2 287
2 1
2 168
1 262 884
1 538 837
1 28 993
1 102 312
2 257
1 130 293
