1000 22
-1.742724 21.930867 0.031725
7.184390 20.793858 0.016988
-20.607202 7.703456 0.043258
14.245520 16.764998 0.020897
-10.989079 19.058860 0.043208
-4.112486 21.612206 0.037276
11.894716 18.507180 0.015557
-11.853647 18.533512 0.014038
-20.241119 8.619578 0.021698
12.700130 17.964039 0.033529
10.113417 19.537625 0.025500
15.756341 15.353752 0.011832
-12.815674 17.881792 0.012303
-17.217412 13.695281 0.037317
-17.591898 13.210796 0.040337
20.553027 7.846851 0.017144
-19.447516 10.285627 0.021661
-18.417632 12.032906 0.020966
3.848565 21.660761 0.036580
11.475285 18.770132 0.034374
-0.506245 21.994175 0.021633
14.953259 16.136915 0.034590
2.099762 21.899566 0.020159
5.545812 21.289527 0.033486
-21.642612 3.949349 0.020564
18.192022 12.371351 0.035194
8.987074 20.080650 0.040059
7.357280 20.733317 0.037942
13.788044 17.143216 0.030741
-12.441477 18.144136 0.025107
-3.712934 21.684421 0.040291
-17.604367 13.194176 0.029175
-16.189048 14.896802 0.037930
20.243865 8.613126 0.021826
15.744169 15.366233 0.027972
15.159329 15.943486 0.021815
21.897016 2.126187 0.016218
-4.926243 21.441365 0.026068
6.293671 21.080553 0.032429
-20.394045 8.251239 0.019716
1.025770 21.976073 0.030064
-21.988642 0.706840 0.034284
5.035722 21.415917 0.014503
13.921877 17.034710 0.026769
-0.889602 21.982006 0.015398
-0.291518 21.998068 0.040365
6.555070 21.000740 0.041324
20.499621 7.985334 0.012001
-18.432358 12.010336 0.014188
2.969322 21.798696 0.027392
-19.268186 10.617769 0.015794
7.859767 20.548091 0.023588
-21.974555 1.057802 0.023061
19.356650 10.455626 0.034134
-21.434679 4.955254 0.014992
-19.615804 9.960935 0.035769
16.226891 14.855572 0.038026
-4.720652 21.487565 0.025835
-19.778315 9.634223 0.035578
-16.208451 14.875689 0.024737
14.616027 16.442985 0.033417
-1.384045 21.956421 0.032086
-3.207412 21.764938 0.023533
12.071514 18.392351 0.013641
13.808037 17.127116 0.036353
-16.665010 14.362362 0.039456
-20.919571 6.809665 0.036675
19.343009 10.480839 0.028542
-12.283561 18.251414 0.027262
19.075208 10.960677 0.035740
-0.342949 21.997327 0.040720
19.173495 10.787822 0.032103
-3.414440 21.733421 0.027726
18.997380 11.095025 0.037481
-16.858089 14.135234 0.042001
19.764332 9.662876 0.030403
-6.306761 21.076640 0.012091
-2.792867 21.822005 0.016726
3.561013 21.709887 0.021209
-21.745905 3.334010 0.036925
17.682915 13.088718 0.034704
-13.883133 17.066301 0.012227
21.819540 2.812057 0.017396
-13.639483 17.261648 0.017268
21.975672 1.034334 0.024251
-20.012087 9.138730 0.013975
-18.975092 11.133098 0.016426
-10.669028 19.239850 0.025661
3.907691 21.650172 0.039166
-2.854417 21.814039 0.022488
-2.269181 21.882660 0.024713
-14.606270 16.451653 0.012381
-17.506756 13.323419 0.040017
9.188466 19.989299 0.016564
-18.475979 11.943124 0.011613
4.720128 21.487680 0.034151
14.157673 16.839249 0.025112
-1.136266 21.970637 0.032640
-0.812555 21.984989 0.043637
-2.055634 21.903752 0.014054
18.445856 11.989596 0.018369
-21.584626 4.254871 0.038769
-12.422808 18.156923 0.015569
13.195945 17.603041 0.020315
-8.289751 20.378421 0.026926
20.934027 6.765094 0.023222
6.293418 21.080628 0.038755
1.113255 21.971815 0.027017
20.756202 7.292469 0.041267
-9.905066 19.644075 0.013382
-5.470766 21.308935 0.030243
-12.786731 17.902500 0.015393
-21.068761 6.333033 0.034570
-5.202871 21.375924 0.020405
-16.679432 14.345610 0.033881
-7.766194 20.583640 0.038165
-7.620399 20.638060 0.040066
16.489114 14.563966 0.040155
16.445137 14.613606 0.035747
-19.930676 9.314942 0.036457
-1.967175 21.911874 0.011204
20.208205 8.696462 0.026942
20.221526 8.665441 0.027678
-21.939697 1.627782 0.024613
-18.913537 11.237354 0.035128
21.997057 0.359815 0.036753
8.261278 20.389980 0.024173
9.186513 19.990197 0.018677
-12.961879 17.776099 0.034940
-14.603863 16.453789 0.031326
20.855047 7.004785 0.037917
14.943764 16.145709 0.041527
10.839081 19.144564 0.013370
-19.261344 10.630176 0.036342
10.551148 19.304747 0.016053
21.895468 2.142071 0.011566
17.987246 12.667240 0.025653
12.130640 18.353408 0.022502
21.889066 2.206535 0.024346
-21.017917 6.499782 0.012070
-15.559137 15.553561 0.017805
-20.525649 7.918190 0.016392
-20.007838 9.148028 0.020153
-4.960766 21.433404 0.022988
-21.086536 6.273595 0.026773
-21.125659 6.140563 0.039235
-5.335108 21.343304 0.043192
-12.188562 18.314993 0.023514
-0.746609 21.987328 0.043084
-12.029783 18.419672 0.031354
17.519636 13.306477 0.041125
4.349933 21.565669 0.013755
7.221582 20.780971 0.041966
20.983339 6.610559 0.013506
-4.938030 21.438653 0.017362
12.174968 18.324032 0.016058
-6.852692 20.905516 0.023107
-13.159550 17.630265 0.029645
-14.314359 16.706260 0.043724
15.731904 15.378790 0.041377
11.170494 18.953101 0.025989
16.365795 14.702406 0.037718
-7.392230 20.720882 0.017315
-17.978509 12.679638 0.037489
-9.143589 20.009867 0.013266
1.691991 21.934839 0.023492
-0.019387 21.999991 0.021807
-13.533377 17.344962 0.043175
-21.709594 3.562797 0.037732
-21.736880 3.392350 0.020472
3.673782 21.691089 0.020866
-21.699866 3.621579 0.043789
-8.192400 20.417752 0.011016
21.188097 5.921532 0.042387
7.204391 20.786937 0.015123
-4.323910 21.570902 0.034563
6.234020 21.098270 0.011798
-2.404013 21.868258 0.039694
-10.593859 19.281342 0.012734
21.750589 3.303315 0.013795
-21.780571 3.099474 0.037559
10.792278 19.170987 0.033178
14.701549 16.366566 0.021597
-19.908033 9.363237 0.019429
20.717248 7.402408 0.029173
19.381301 10.409860 0.040883
-21.686668 3.699789 0.026660
-15.209901 15.895248 0.030259
2.884733 21.810051 0.039970
11.782580 18.578773 0.034405
-6.702544 20.954138 0.034952
-21.890805 2.189210 0.042898
6.773248 20.931390 0.029043
11.902734 18.502025 0.031038
7.058220 20.837023 0.040886
3.251001 21.758469 0.024255
12.587987 18.042799 0.038316
-15.632226 15.480101 0.033214
-13.144789 17.641273 0.025949
6.914547 20.885139 0.014729
-21.029011 6.463798 0.020921
11.275190 18.891005 0.036281
-18.240924 12.299134 0.030216
-2.861736 21.813080 0.016793
21.917954 1.898234 0.043805
14.378112 16.651423 0.022294
-4.396469 21.556230 0.018763
-5.600432 21.275224 0.031505
1.750795 21.930224 0.040386
5.492962 21.303224 0.022347
15.483420 15.628938 0.014896
21.672367 3.782659 0.018839
8.802119 20.162408 0.011871
1.803780 21.925929 0.027494
-6.071937 21.145486 0.043875
15.728493 15.382279 0.036693
-6.885382 20.894773 0.019532
-1.736561 21.931356 0.038553
1.169735 21.968881 0.024370
11.561116 18.717388 0.028374
21.706761 3.580018 0.022893
-10.596351 19.279973 0.033948
-20.587106 7.757002 0.043942
19.354666 10.459297 0.017465
-11.035208 19.032188 0.013870
-20.477798 8.041131 0.022686
-2.155543 21.894146 0.033040
-4.476737 21.539703 0.030850
17.172494 13.751562 0.020997
10.000119 19.595857 0.017677
21.529477 4.525663 0.024905
-13.990832 16.978122 0.040433
11.404256 18.813371 0.034107
7.141011 20.808795 0.033912
-14.369132 16.659173 0.039959
4.468909 21.541329 0.028892
-13.288659 17.533156 0.028478
-12.662634 17.990489 0.034264
12.134364 18.350946 0.013948
-13.187655 17.609252 0.038979
-9.536932 19.825411 0.028462
-13.269975 17.547301 0.022015
6.224963 21.100944 0.028270
-21.791188 3.023923 0.036266
-16.341761 14.729116 0.030043
20.560399 7.827514 0.022456
21.979793 0.942710 0.022330
-7.100182 20.822762 0.035861
21.983555 0.850472 0.026722
19.613231 9.966000 0.015472
1.502033 21.948665 0.037697
-21.990439 0.648527 0.032050
20.402176 8.231112 0.026009
21.471220 4.794444 0.021184
-11.069704 19.012145 0.030210
-10.561123 19.299292 0.043166
4.360406 21.563554 0.017607
15.687709 15.423871 0.021018
-21.220100 5.805803 0.023285
14.006246 16.965408 0.014039
5.361122 21.336784 0.035684
20.337269 8.390202 0.032702
-5.769293 21.230056 0.038588
10.340439 19.418427 0.041964
-0.979580 21.978181 0.022422
5.237174 21.367546 0.019717
13.389653 17.456151 0.017361
16.205990 14.878370 0.017805
8.660114 20.223808 0.033467
3.802461 21.668901 0.022070
-20.902402 6.862186 0.019245
21.998966 0.213324 0.037797
18.183074 12.384499 0.037181
20.698394 7.454964 0.014186
-9.898436 19.647416 0.037178
21.685168 3.708568 0.023310
-3.656096 21.694077 0.024237
-21.625072 4.044289 0.028468
-0.570687 21.992597 0.017248
-0.030659 21.999979 0.025157
-19.559398 10.071243 0.025815
15.508704 15.603849 0.012949
-21.735547 3.400882 0.013042
-0.869389 21.982815 0.034041
10.872709 19.125485 0.021816
14.598457 16.458586 0.023985
-1.849079 21.922156 0.026558
15.981070 15.119703 0.011438
21.866706 2.418096 0.031782
-10.996331 19.054676 0.036495
18.874252 11.303213 0.027035
-20.015009 9.132327 0.032289
21.409744 5.061904 0.043484
-10.932711 19.091250 0.037114
4.401637 21.555176 0.018973
-5.771266 21.229519 0.028157
7.938008 20.517993 0.020907
-17.564307 13.247457 0.021404
21.205691 5.858213 0.017002
-18.204320 12.353247 0.037632
15.516204 15.596391 0.041041
21.996325 0.402105 0.024925
-5.497858 21.301961 0.037538
-4.198310 21.595699 0.012838
-19.160782 10.810386 0.016087
8.234458 20.400826 0.031470
-11.131959 18.975761 0.036290
-9.006677 20.071865 0.024251
-20.879024 6.932991 0.022995
-1.567704 21.944072 0.021485
8.840423 20.145643 0.035414
-18.198322 12.362082 0.021628
4.406250 21.554233 0.022114
-3.060738 21.786048 0.020039
17.771353 12.968385 0.025481
-21.997940 0.301073 0.039965
-13.882373 17.066919 0.014701
-5.714233 21.244942 0.012458
15.737597 15.372964 0.022751
-17.598373 13.202170 0.023565
-0.857412 21.983286 0.038638
19.068806 10.971812 0.026379
-21.934582 1.695324 0.016075
-16.632880 14.399559 0.012203
15.933692 15.169622 0.027750
-21.885910 2.237618 0.012029
1.977251 21.910967 0.036031
-3.236007 21.760704 0.027513
0.060435 21.999917 0.043490
17.207258 13.708037 0.031965
-6.273711 21.086501 0.016878
-21.534869 4.499934 0.022237
-1.035557 21.975614 0.016726
-15.760935 15.349037 0.030405
-1.379855 21.956685 0.041723
21.367086 5.239049 0.024073
-5.168771 21.384195 0.015868
14.150220 16.845512 0.039009
14.583495 16.471845 0.037001
20.251724 8.594632 0.022103
-21.307241 5.477362 0.018211
19.007240 11.078124 0.030396
17.748130 13.000149 0.015071
-7.843500 20.554306 0.040884
17.704611 13.059355 0.026195
13.548997 17.332763 0.041220
-20.613353 7.686982 0.012262
-0.256669 21.998503 0.011024
8.363797 20.348142 0.027718
-16.419673 14.642211 0.043147
-14.360410 16.666692 0.021421
20.711334 7.418938 0.029442
-21.532116 4.513088 0.012526
21.715770 3.524962 0.026676
19.382075 10.408419 0.026336
-20.352683 8.352742 0.016497
-9.232199 19.969139 0.034886
-9.889577 19.651877 0.014839
-0.380751 21.996705 0.022058
21.997803 0.310888 0.018922
-20.404069 8.226420 0.013379
21.976379 1.019202 0.038679
-13.613406 17.282221 0.037676
10.748491 19.195571 0.022605
8.770287 20.176275 0.027193
-21.589667 4.229216 0.020694
-4.867332 21.454815 0.018355
20.225560 8.656022 0.014493
9.222840 19.973463 0.032766
-19.811613 9.565563 0.012151
9.364905 19.907249 0.028264
-3.172741 21.770019 0.028015
14.184614 16.816561 0.015183
-0.513026 21.994017 0.023563
17.638507 13.148501 0.011761
16.028720 15.069178 0.035036
-3.858811 21.658938 0.034654
9.363113 19.908092 0.014203
-21.738069 3.384725 0.038358
-5.883954 21.198563 0.036328
-8.862641 20.135878 0.022753
13.130942 17.651583 0.014930
-17.764547 12.977707 0.030852
-3.884553 21.654336 0.038547
19.825906 9.535904 0.035945
-21.966913 1.206118 0.031234
2.808269 21.820028 0.025428
-18.874385 11.302990 0.043120
-8.557090 20.267615 0.011845
14.423133 16.612442 0.029415
-21.995433 0.448263 0.033440
2.613257 21.844242 0.018931
18.609244 11.734396 0.035256
-18.943681 11.186463 0.013024
-14.779298 16.296391 0.033357
-21.829797 2.731296 0.012898
-21.978611 0.969882 0.033153
-21.913338 1.950803 0.038359
-3.372483 21.739971 0.039217
21.323963 5.411893 0.034167
4.191385 21.597044 0.025920
-8.162457 20.429741 0.036083
-21.279410 5.584505 0.036869
-1.968361 21.911767 0.035177
-12.928276 17.800553 0.012983
14.781508 16.294386 0.027019
-21.998325 0.271486 0.024323
0.052065 21.999938 0.013448
-15.155120 15.947487 0.022834
-13.440248 17.417225 0.028461
21.667898 3.808173 0.017702
19.908252 9.362772 0.019988
16.947759 14.027596 0.018516
3.390740 21.737131 0.019061
5.618398 21.270487 0.027700
-17.780066 12.956437 0.012739
14.199280 16.804179 0.025567
21.998870 0.222950 0.028500
13.147642 17.639147 0.018741
-20.071311 9.007913 0.011944
-20.501654 7.980112 0.028600
9.871804 19.660811 0.021472
-10.991600 19.057406 0.031983
16.219862 14.863245 0.039137
21.787427 3.050904 0.033883
-11.026335 19.037330 0.036131
10.695092 19.225374 0.040869
14.635876 16.425320 0.022499
16.755300 14.256925 0.022051
-17.047600 13.906090 0.035420
-19.745406 9.701493 0.026782
-20.949646 6.716571 0.035603
21.793559 3.006793 0.030627
18.352205 12.132460 0.025526
20.624752 7.656344 0.025672
17.179131 13.743270 0.031358
-21.442139 4.922871 0.022284
-11.156533 18.961323 0.014004
2.648842 21.839955 0.029288
-16.862382 14.130112 0.020354
14.320782 16.700755 0.032261
-21.995874 0.426061 0.025195
-9.797021 19.698182 0.015520
14.528511 16.520362 0.014528
-6.041129 21.154308 0.040582
8.792454 20.166625 0.025494
17.922231 12.759061 0.040439
16.757219 14.254670 0.031845
15.853688 15.253215 0.033019
16.378005 14.688803 0.013536
18.758874 11.493679 0.020166
-21.841881 2.632916 0.022794
-9.908317 19.642435 0.041090
-0.999465 21.977285 0.020263
21.812334 2.867421 0.020935
3.330411 21.746456 0.036971
4.945494 21.436933 0.023717
-21.504774 4.641625 0.018466
-14.291891 16.725485 0.024193
21.183011 5.939702 0.042436
-21.824054 2.776807 0.033012
21.453992 4.870959 0.020865
20.933154 6.767796 0.025777
-7.040033 20.843175 0.025493
17.763258 12.979471 0.031933
5.589770 21.278028 0.020501
-17.695895 13.071163 0.029912
-21.124232 6.145472 0.035277
-21.663982 3.830392 0.015708
11.687879 18.638495 0.014238
-11.047290 19.025178 0.011014
21.903107 2.062501 0.028139
-21.816742 2.833682 0.037164
21.610300 4.122493 0.040241
7.086847 20.827304 0.027084
-15.172309 15.931134 0.024015
-18.159150 12.419552 0.021351
18.264570 12.263991 0.030302
-21.442859 4.919734 0.023566
20.834125 7.066771 0.036379
-10.637936 19.257059 0.015284
-20.586026 7.759867 0.037451
3.054921 21.786864 0.026116
-2.859028 21.813435 0.033315
-21.247243 5.705671 0.043995
20.891196 6.896227 0.024709
12.141577 18.346174 0.011138
21.917444 1.904119 0.021093
5.120538 21.395796 0.016420
21.844621 2.610079 0.016220
21.364710 5.248729 0.020597
16.773437 14.235582 0.026638
-18.305499 12.202816 0.016477
8.423055 20.323684 0.036311
18.584956 11.772825 0.019129
20.830302 7.078031 0.040706
-4.262222 21.583175 0.040136
21.762356 3.224883 0.042473
16.633373 14.398990 0.027805
19.680120 9.833253 0.013876
20.015575 9.131088 0.035241
-2.180555 21.891669 0.033922
-21.735563 3.400780 0.024811
19.423868 10.330216 0.035769
-11.929172 18.484990 0.040695
21.853378 2.535716 0.042841
-12.780072 17.907254 0.018111
8.214259 20.408967 0.038074
-1.400848 21.955355 0.029630
8.467937 20.305025 0.025759
18.597124 11.753595 0.018803
-15.201410 15.903369 0.040350
20.460951 8.083903 0.041668
-10.431653 19.369579 0.031246
-20.315490 8.442799 0.015349
-7.493892 20.684332 0.042368
-21.417423 5.029312 0.031716
-6.375111 21.056067 0.042835
3.950334 21.642432 0.032777
21.284477 5.565164 0.040120
-15.283155 15.824827 0.019261
6.189097 21.111492 0.018749
-20.239846 8.622565 0.018594
-17.747229 13.001379 0.041193
1.943999 21.913942 0.029608
-21.554546 4.404720 0.038975
17.886178 12.809552 0.028895
-14.904495 16.181966 0.015989
1.967084 21.911882 0.020470
-7.276670 20.761745 0.038958
-11.659893 18.656015 0.020837
3.588607 21.705343 0.027903
-14.654776 16.408460 0.024707
-5.454916 21.312998 0.027700
-4.928454 21.440857 0.013275
-16.166955 14.920777 0.016997
-21.986224 0.778432 0.015808
-18.420461 12.028575 0.012342
6.089995 21.140292 0.042362
0.258473 21.998482 0.029281
-21.798265 2.972479 0.042909
20.077443 8.994236 0.033778
11.648469 18.663150 0.040880
0.462485 21.995138 0.026998
-8.136263 20.440187 0.031615
-19.624237 9.944311 0.015860
-10.628928 19.262032 0.035037
-19.537789 10.113100 0.020778
14.295817 16.722130 0.021071
18.497248 11.910156 0.034616
21.400821 5.099495 0.011258
-4.827701 21.463767 0.030129
17.238026 13.669325 0.023278
-11.549096 18.724806 0.039331
-18.636418 11.691190 0.030044
-18.058659 12.565223 0.020535
16.777104 14.231260 0.021545
11.274508 18.891413 0.032808
9.883439 19.654965 0.032298
-20.271827 8.547106 0.023821
-17.695729 13.071388 0.043385
21.630623 4.014490 0.020276
14.125593 16.866168 0.013435
-17.029369 13.928409 0.034859
-3.320075 21.748037 0.029696
19.328864 10.506903 0.015716
-17.971140 12.690079 0.032430
-11.700232 18.630743 0.029098
-16.381589 14.684806 0.013288
-20.884215 6.917337 0.016548
15.583555 15.529096 0.037015
20.907446 6.846801 0.021561
21.971540 1.118676 0.021807
3.591049 21.704939 0.042865
-19.334331 10.496839 0.012997
13.538263 17.341148 0.032343
21.847840 2.583000 0.017157
21.700986 3.614857 0.032200
21.933556 1.708540 0.024496
-11.668984 18.650330 0.023669
-14.159908 16.837369 0.012290
11.042089 19.028196 0.014483
-21.668644 3.803927 0.031917
11.796335 18.570043 0.012718
8.940764 20.101312 0.017096
21.376837 5.199121 0.035286
-18.893779 11.270543 0.031515
17.245604 13.659764 0.020210
20.192809 8.732152 0.028496
17.000731 13.963351 0.029610
-20.036679 9.084685 0.023010
-21.863889 2.443434 0.043534
3.417368 21.732961 0.014329
13.402473 17.446309 0.037890
6.773793 20.931214 0.026637
11.174175 18.950931 0.015472
-21.487158 4.722502 0.040401
-17.492922 13.341577 0.023134
20.700479 7.449172 0.033459
-3.621629 21.699857 0.027857
14.312955 16.707463 0.032991
13.549191 17.332611 0.039035
11.216520 18.925900 0.012582
14.934793 16.154007 0.012891
4.035171 21.626775 0.041673
14.889018 16.196208 0.016151
-20.687472 7.485219 0.022720
-6.383115 21.053642 0.028566
-2.919918 21.805368 0.038453
-21.188794 5.919038 0.014318
0.434326 21.995712 0.017475
18.663214 11.648366 0.026185
16.033225 15.064385 0.018368
5.869900 21.202459 0.040176
-19.500767 10.184307 0.018542
-2.459920 21.862040 0.016589
16.055898 15.040218 0.018883
-21.902859 2.065135 0.026263
-20.200002 8.715498 0.042158
21.756145 3.266523 0.031586
-21.217154 5.816561 0.013968
-15.384916 15.725914 0.043849
-20.375256 8.297527 0.012771
21.898573 2.110093 0.035030
19.888067 9.405573 0.040746
7.033569 20.845357 0.025413
-8.217713 20.407577 0.034717
-21.993305 0.542691 0.037239
-5.301799 21.351603 0.029994
-7.426284 20.708701 0.030483
-21.229947 5.769694 0.034846
10.170197 19.508129 0.037155
-9.136108 20.013284 0.025365
-13.897269 17.054792 0.014480
-21.732260 3.421824 0.024343
-1.827699 21.923948 0.014644
-11.405224 18.812784 0.039947
-12.677998 17.979666 0.015814
-18.583447 11.775206 0.031063
-3.940961 21.644141 0.038525
-9.555040 19.816690 0.028031
12.401647 18.171383 0.034681
-21.948150 1.509542 0.033904
20.488895 8.012814 0.032667
-20.561143 7.825560 0.020669
18.443537 11.993162 0.041986
13.637648 17.263098 0.016238
-15.170465 15.932890 0.031578
12.713702 17.954436 0.012699
1.144384 21.970216 0.035810
-17.947455 12.723555 0.021516
17.917423 12.765812 0.013458
21.999091 0.200019 0.025052
-18.191317 12.372389 0.020449
21.207890 5.850250 0.025398
16.103691 14.989033 0.025434
21.450705 4.885412 0.014877
18.131372 12.460070 0.015243
18.454146 11.976831 0.034549
-10.160437 19.513214 0.014167
21.859499 2.482395 0.030457
-12.969313 17.770676 0.019218
17.573517 13.235237 0.013078
-20.006663 9.150598 0.038561
21.712003 3.548086 0.013377
18.849474 11.344484 0.019434
-13.955811 17.006921 0.037990
-20.703492 7.440794 0.012273
14.181724 16.818998 0.042795
-13.776046 17.152858 0.033782
21.891742 2.179826 0.038067
-21.610577 4.121037 0.017309
9.607720 19.791203 0.035509
21.950539 1.474395 0.031387
17.167102 13.758293 0.020478
-20.620316 7.668283 0.037353
-21.054160 6.381405 0.018316
19.031243 11.036838 0.043442
-11.884094 18.514003 0.012332
-17.995877 12.654976 0.019370
16.771690 14.237641 0.026193
-16.582325 14.457749 0.022742
-4.452706 21.544684 0.027357
-9.001520 20.074178 0.037592
-18.869512 11.311124 0.041631
4.263221 21.582978 0.014909
-12.884820 17.832033 0.026087
18.942713 11.188101 0.030722
-6.679513 20.961491 0.041948
-18.902830 11.255355 0.021064
17.220738 13.691099 0.020480
21.990799 0.636220 0.043876
-20.983164 6.611114 0.016960
3.189961 21.767502 0.022413
-1.616338 21.940544 0.034332
7.331842 20.742326 0.031897
-13.464879 17.398190 0.032681
8.675396 20.217258 0.040179
-21.306303 5.481006 0.026341
-5.684858 21.252821 0.030359
-10.497470 19.333989 0.016410
19.455073 10.271326 0.033932
-21.777046 3.124143 0.032073
7.538003 20.668297 0.035445
-20.587257 7.756600 0.029086
8.971552 20.087589 0.023062
18.339248 12.152036 0.031431
-16.139425 14.950551 0.019309
11.651923 18.660994 0.032167
-21.160496 6.019419 0.018661
-10.095275 19.547006 0.014994
-21.363593 5.253274 0.018216
-21.802659 2.940078 0.038774
13.647706 17.255148 0.042840
21.297076 5.516753 0.030683
8.600479 20.249241 0.023408
-10.592783 19.281933 0.026138
14.966745 16.124408 0.031815
-15.971150 15.130180 0.022650
-12.462290 18.129846 0.017745
-15.297894 15.810580 0.026872
21.755673 3.269660 0.022718
18.283053 12.236420 0.037352
19.855133 9.474897 0.037203
-18.055658 12.569535 0.020224
19.772186 9.646795 0.018033
10.785467 19.174819 0.014352
-19.697587 9.798218 0.011227
-13.036438 17.721493 0.042650
-20.455057 8.098806 0.037510
-14.260109 16.752591 0.016229
-21.870734 2.381388 0.018352
-15.619090 15.493354 0.030896
-7.662948 20.622299 0.029841
18.763646 11.485886 0.016344
-9.345899 19.916179 0.023601
-16.524111 14.524247 0.029211
-21.526358 4.540476 0.027252
21.685018 3.709448 0.042346
-20.753987 7.298768 0.018549
3.303645 21.750539 0.038135
-4.439912 21.547324 0.038271
-0.343992 21.997311 0.017330
-18.816650 11.398846 0.028387
5.194058 21.378067 0.026542
-13.699382 17.214149 0.027883
-21.570256 4.327128 0.017847
21.505458 4.638456 0.020043
-14.512279 16.534623 0.033541
-21.852639 2.542082 0.031564
10.683135 19.232021 0.014277
14.899301 16.186748 0.030898
-9.715022 19.738752 0.022478
-5.271016 21.359223 0.043791
-13.488770 17.379674 0.026534
13.899048 17.053342 0.020311
-6.915742 20.884743 0.024103
21.854336 2.527446 0.035613
20.704726 7.437359 0.043255
18.834965 11.368558 0.042770
2.525454 21.854567 0.019988
2.169786 21.892739 0.043134
21.913952 1.943885 0.016624
-10.610275 19.272314 0.016326
13.888045 17.062303 0.012668
-5.534532 21.292462 0.029651
-16.848313 14.146885 0.035132
14.557549 16.494780 0.031102
-10.647625 19.251703 0.033683
18.422489 12.025469 0.038710
5.143973 21.390174 0.011249
17.857127 12.850020 0.020626
-4.103442 21.613925 0.013244
16.098817 14.994268 0.042973
18.518387 11.877262 0.035438
-5.162374 21.385740 0.030775
19.126893 10.870232 0.036865
6.162181 21.119364 0.016820
-1.066248 21.974147 0.040062
20.249319 8.600295 0.011009
-4.439322 21.547446 0.039295
-21.999990 0.020467 0.023473
16.166626 14.921133 0.032819
-19.977405 9.214299 0.024788
-13.921414 17.035088 0.031192
-15.112044 15.988312 0.016172
9.103277 20.028239 0.023889
10.595622 19.280374 0.041829
3.469419 21.724712 0.041328
16.895590 14.090388 0.029941
21.124917 6.143117 0.014887
-2.266258 21.882963 0.016963
-5.596268 21.276320 0.036780
-11.883714 18.514247 0.011613
21.424507 4.999050 0.027813
20.982096 6.614502 0.014935
1.152342 21.969800 0.013112
-21.218276 5.812467 0.019146
-7.018215 20.850531 0.038870
-11.849945 18.535879 0.036458
7.394084 20.720220 0.017733
10.734601 19.203342 0.014380
7.793616 20.573273 0.025278
4.877303 21.452550 0.012220
1.754872 21.929898 0.041416
-20.743600 7.328238 0.021797
15.228606 15.877328 0.022655
19.708700 9.775846 0.012175
-1.932868 21.914927 0.029110
-21.166117 5.999625 0.037944
21.667386 3.811085 0.029743
1.038282 21.975486 0.018407
11.605307 18.690020 0.022586
-10.907057 19.105918 0.027395
21.602700 4.162131 0.039816
-20.094426 8.956229 0.043622
4.832916 21.462594 0.018255
4.662575 21.500242 0.016427
-6.038969 21.154925 0.026463
-12.871624 17.841561 0.031803
-20.985747 6.602911 0.043350
4.297704 21.576138 0.020221
-11.900851 18.503236 0.038773
21.998957 0.214202 0.025456
-6.210893 21.105090 0.011532
21.703713 3.598451 0.021081
-11.674909 18.646622 0.023436
8.719769 20.198159 0.024344
-6.881479 20.896058 0.042232
-8.660852 20.223493 0.039818
21.890007 2.197174 0.011898
20.015053 9.132232 0.014504
16.238933 14.842407 0.035321
13.644228 17.257898 0.025075
10.776312 19.179966 0.027347
-2.177975 21.891926 0.033551
-13.818417 17.118743 0.042422
-19.936223 9.303064 0.020339
-21.885273 2.243839 0.018675
-3.166076 21.770989 0.023872
20.757265 7.289441 0.030989
-11.383851 18.825725 0.014104
-18.252103 12.282538 0.014264
21.488060 4.718399 0.033374
-20.626423 7.651841 0.033906
7.380662 20.725005 0.023259
-21.109295 6.196585 0.026381
-11.375082 18.831025 0.032947
1.535651 21.946339 0.018332
-21.806428 2.911992 0.040210
2.250086 21.884632 0.033111
19.766525 9.658390 0.036996
-19.515238 10.156549 0.032234
-13.660378 17.245118 0.016283
-14.586663 16.469039 0.043721
1.601694 21.941617 0.022462
-5.794429 21.223209 0.018811
17.553771 13.261415 0.029122
-21.994184 0.505849 0.026824
-20.289017 8.506221 0.025422
6.383083 21.053652 0.018031
21.729975 3.436303 0.016403
-21.927299 1.787050 0.014589
21.916448 1.915548 0.032485
8.018113 20.486822 0.041455
15.941798 15.161104 0.019518
-18.492223 11.917957 0.043997
7.728742 20.597732 0.011550
13.124402 17.656446 0.042910
13.286045 17.535136 0.021797
0.021818 21.999989 0.012023
-21.973087 1.087865 0.023937
21.221582 5.800382 0.035081
18.578575 11.782892 0.034772
-2.206097 21.889110 0.033395
-13.164124 17.626850 0.019230
21.335353 5.366815 0.033546
4.443123 21.546662 0.038897
18.364546 12.113771 0.012306
-15.265334 15.842020 0.039113
-15.702316 15.409000 0.036178
12.985775 17.758650 0.037140
3.349624 21.743505 0.040811
-0.195199 21.999134 0.020420
21.549750 4.428124 0.015182
17.847886 12.862852 0.011503
-4.055061 21.623054 0.011142
18.589939 11.764955 0.019584
-1.372197 21.957165 0.034880
19.598325 9.995281 0.029344
-14.664100 16.400127 0.028798
-7.586140 20.650678 0.015203
9.460306 19.862090 0.037226
-14.061666 16.919502 0.024931
-5.965904 21.175646 0.028867
21.472232 4.789912 0.013960
8.291310 20.377786 0.030553
-21.690420 3.677726 0.039368
-21.919183 1.883994 0.017755
0.062590 21.999911 0.031028
-14.112829 16.876850 0.012818
-3.009263 21.793218 0.035423
18.549987 11.827848 0.013672
6.692957 20.957202 0.035329
21.746797 3.328189 0.039642
8.653262 20.226741 0.021839
6.011788 21.162665 0.018198
10.497109 19.334185 0.013970
21.845890 2.599443 0.038686
-19.697766 9.797858 0.037951
-21.741318 3.363794 0.024926
-20.625057 7.655521 0.028209
14.218202 16.788172 0.041281
12.990763 17.755001 0.043192
-0.931668 21.980264 0.037311
20.068477 9.014225 0.041996
10.134859 19.526511 0.016251
-1.778707 21.927978 0.024398
15.822941 15.285108 0.034500
-1.115154 21.971719 0.033685
-12.241588 18.279593 0.017624
-13.747019 17.176130 0.033345
-21.910815 1.978935 0.021149
-13.985361 16.982629 0.037146
-21.950443 1.475820 0.020588
2.703951 21.833201 0.026248
-6.802375 20.921943 0.024873
20.923910 6.796322 0.043972
-21.888221 2.214902 0.043609
14.584734 16.470748 0.012053
15.481242 15.631096 0.040517
14.183212 16.817743 0.043188
-3.777055 21.673344 0.030065
-15.667475 15.444424 0.033838
21.328374 5.394484 0.024702
-21.998476 0.258931 0.014410
7.778262 20.579083 0.027717
-8.567772 20.263101 0.011746
16.785100 14.221829 0.037072
20.271662 8.547497 0.011400
16.543117 14.502596 0.041096
17.374968 13.494832 0.038080
1.943077 21.914024 0.026611
-0.299625 21.997960 0.025739
21.867766 2.408490 0.030766
-12.112166 18.365605 0.018891
-21.942235 1.593211 0.028186
3.184474 21.768305 0.041228
16.017459 15.081147 0.012622
-13.208921 17.593306 0.027384
-16.212932 14.870805 0.014441
-21.929896 1.754890 0.035452
15.025990 16.069214 0.028000
14.291195 16.726080 0.038086
6.274511 21.086264 0.017826
20.349901 8.359516 0.017994
-9.893691 19.649806 0.040738
-21.950939 1.468424 0.043250
19.082095 10.948683 0.038085
-21.958214 1.355296 0.014859
-10.310729 19.434219 0.028205
-12.826344 17.874140 0.031492
12.657190 17.994320 0.011646
-21.719023 3.504861 0.039205
21.701279 3.613101 0.041800
0.423939 21.995915 0.012964
18.911784 11.240304 0.013006
21.994346 0.498735 0.042741
5.584971 21.279288 0.036244
15.111528 15.988800 0.024634
-10.586059 19.285626 0.015960
0.250756 21.998571 0.025861
10.554386 19.302977 0.011689
-1.733374 21.931608 0.023247
19.296527 10.566175 0.025684
16.678860 14.346276 0.014228
-21.469914 4.800291 0.025546
9.106345 20.026844 0.021615
-21.774443 3.142236 0.027302
12.855945 17.852862 0.033769
9.585687 19.801884 0.023205
-20.279034 8.529992 0.020192
9.718300 19.737139 0.032133
-7.457814 20.697367 0.027125
-17.307417 13.581359 0.034376
12.715495 17.953167 0.019487
-5.353252 21.338760 0.021681
-10.856196 19.134864 0.024651
-5.011882 21.421509 0.022435
12.572892 18.053321 0.021299
-20.473195 8.052843 0.022121
-19.119971 10.882404 0.022929
-13.728600 17.190857 0.041252
-18.755798 11.498698 0.018542
20.740596 7.336734 0.012500
-17.142361 13.789106 0.043168
21.708070 3.572070 0.013529
20.160808 8.805783 0.031592
14.135289 16.858043 0.036543
-12.191028 18.313352 0.039281
