1000
55 753 83 954 778 609 244 159 639 172 924 214 5 546 210 136 613 419 693 320 928 85 950 709 80 694 382 216 273 752 295 813 365 296 917 610 683 465 877 370 929 451 663 166 829 339 884 634 159 458 716 390 588 276 539 9 833 260 463 934 764 745 251 211 853 505 60 433 408 396 747 787 453 857 550 741 763 243 385 293 571 663 95 672 315 539 625 734 924 494 621 161 375 831 565 499 945 849 409 328 584 566 967 196 521 23 834 334 481 461 181 924 384 319 911 796 836 139 107 443 26 392 549 151 687 465 438 335 547 851 118 668 876 396 176 878 631 161 392 874 201 162 592 594 167 979 164 322 574 475 316 144 435 121 406 575 292 0 792 728 646 165 309 39 505 953 62 93 348 440 702 710 863 374 532 571 146 225 868 192 810 667 902 611 598 130 183 551 42 997 864 229 534 434 406 881 975 307 539 912 645 564 113 138 476 979 979 874 864 714 772 923 841 552 764 649 36 50 492 589 712 649 755 303 139 181 887 94 444 50 920 921 40 643 95 743 699 213 973 308 164 344 584 62 806 690 824 139 95 641 857 765 9 675 934 54 721 891 118 672 654 565 502 22 878 111 663 325 200 615 24 184 541 448 686 7 915 413 671 173 370 667 904 527 809 348 349 951 139 874 154 723 180 711 204 44 621 176 950 138 513 68 468 299 423 517 179 10 796 408 824 599 113 382 556 870 751 883 393 378 196 393 434 492 659 653 488 153 112 950 712 939 634 390 377 762 980 188 84 132 865 436 947 833 72 734 32 295 512 155 299 892 150 985 973 935 483 540 357 327 485 288 898 842 867 247 712 780 36 668 357 282 698 931 811 320 145 642 333 768 490 8 87 441 480 842 761 344 230 820 340 333 458 539 709 950 321 626 518 732 333 134 673 15 407 744 382 762 51 465 826 965 352 77 792 810 337 625 98 62 430 549 314 490 524 238 331 895 131 454 482 463 57 901 969 352 320 176 497 908 976 820 574 639 707 906 107 381 408 144 900 515 421 16 27 90 288 261 253 109 614 6 746 862 726 35 267 902 150 976 20 254 643 576 158 231 64 256 449 621 816 319 837 623 672 64 217 367 514 19 789 648 152 547 918 714 879 980 370 719 448 431 821 655 997 975 719 287 973 844 722 277 258 0 571 914 441 882 478 580 247 955 642 950 861 3 842 805 284 917 140 686 461 604 170 903 933 262 30 914 824 135 710 974 431 409 323 22 693 746 867 625 863 59 468 277 750 352 978 208 127 915 858 940 719 196 978 570 820 912 798 440 389 762 177 343 429 95 273 947 67 456 139 495 680 862 420 999 143 792 719 789 338 43 664 384 278 874 960 378 30 616 389 858 380 524 644 557 482 543 874 258 746 470 265 367 91 584 759 146 309 687 990 7 453 129 639 82 506 895 671 673 622 469 779 260 745 54 226 891 186 200 256 775 405 265 213 642 505 175 539 843 279 848 692 304 413 841 784 919 397 57 412 884 399 577 38 727 903 551 960 401 362 936 627 948 374 60 481 481 50 576 813 392 637 161 295 249 888 658 634 345 338 44 611 196 805 106 769 622 607 913 976 236 854 632 862 525 780 672 452 297 280 58 171 674 808 507 470 652 149 962 775 651 710 242 136 842 828 636 310 860 616 976 116 949 739 327 554 456 360 258 900 132 725 842 836 289 693 66 450 226 194 541 290 396 496 673 280 831 404 439 659 886 216 721 517 543 852 873 634 975 963 702 551 26 964 433 189 333 668 257 882 681 220 544 395 687 967 866 190 340 367 247 211 225 353 42 464 562 350 75 66 322 567 352 501 856 575 654 319 528 113 281 0 545 98 331 31 230 611 200 359 428 466 341 20 328 367 860 956 74 752 651 466 435 149 181 140 899 627 492 475 649 219 280 234 640 785 628 543 953 604 664 757 237 831 671 272 656 923 7 495 911 44 269 277 607 879 31 735 129 457 257 329 323 423 915 59 108 997 816 709 401 822 590 464 197 53 891 454 304 739 983 899 617 556 91 883 748 691 85 860 627 242 358 380 11 940 574 275 781 460 841 691 366 159 576 398 273 733 775 295 688 389 560 515 650 408 595 145 712 323 994 755 547 729 771 699 585 616 731 766 896 617 563 425 370 74 671 713 951 952 139 734 88 968 746 62 315 333 194 799 741 401 67 515 684 376 816 114 834 349 494 532 672 383 524 965 182 890 139 107 232 557 576 27 562 521 987 411 408 678 503 369 72 136 735 800
1000
1 750 721
2 356
2 855
2 911
2 903
1 621 721
1 463 698
1 289 712
2 271
1 597 693
1 162 644
1 763 459
2 240
2 116
1 124 237
2 868
2 328
1 690 242
2 457
2 81
2 806
1 60 469
2 955
2 732
1 508 687
1 761 179
2 235
1 948 308
1 121 513
2 657
1 965 679
1 49 990
2 738
1 21 197
1 981 86
1 906 706
1 359 602
2 165
2 861
1 709 654
1 398 631
1 184 815
2 439
1 355 167
1 267 964
2 3
2 135
2 454
2 361
2 295
1 584 850
1 746 433
2 140
1 901 684
1 985 790
2 200
2 629
2 572
1 925 605
2 252
2 335
2 438
2 978
2 845
1 71 541
2 43
2 485
2 393
2 901
2 995
2 817
1 876 531
2 221
2 192
2 31
2 494
1 39 784
1 718 653
1 998 585
2 79
2 598
2 418
1 793 393
2 171
1 626 468
2 549
1 907 863
2 120
1 155 493
2 932
2 297
2 680
1 723 93
1 137 615
2 85
2 865
2 666
2 139
1 478 167
2 721
2 855
2 344
2 158
1 787 124
2 928
1 121 733
2 361
1 272 972
1 793 622
1 743 966
2 497
2 264
2 926
1 794 492
2 170
2 713
1 605 333
2 277
1 536 268
2 331
1 866 146
1 285 864
2 194
2 497
1 900 140
1 715 907
1 653 752
1 82 486
2 757
1 735 244
2 872
1 674 126
1 948 294
2 831
1 178 480
1 808 645
1 4 295
2 8
1 348 17
1 446 905
2 152
1 223 826
2 387
2 76
2 76
2 212
2 605
2 986
2 427
1 515 173
2 322
2 279
2 29
2 437
2 644
2 611
2 938
1 397 200
2 3
1 27 949
2 855
1 548 610
1 511 451
2 584
1 285 576
2 494
1 560 965
1 284 699
2 421
2 478
1 688 224
2 216
2 144
1 254 547
2 616
1 686 414
1 476 401
2 890
2 86
1 339 513
1 724 571
2 316
1 817 772
1 236 903
2 559
1 655 867
2 602
1 742 447
2 931
2 8
2 116
2 580
2 93
1 971 895
2 612
1 558 585
1 587 109
2 739
2 463
2 333
1 929 326
1 606 955
2 829
1 875 931
2 721
1 222 146
1 729 58
1 612 579
1 82 335
2 372
1 957 512
1 644 197
1 957 869
1 313 901
2 268
2 79
2 819
1 56 187
2 619
1 320 677
1 884 205
2 884
1 181 23
2 649
2 389
1 26 768
1 195 479
1 780 319
2 620
1 696 956
2 709
1 841 294
1 624 721
2 546
2 59
2 800
2 363
2 249
2 380
2 860
2 772
1 472 453
2 165
1 627 941
1 920 129
2 317
1 546 538
2 124
1 206 654
1 774 971
2 349
2 874
2 89
2 135
1 827 782
1 876 967
1 770 641
1 491 401
1 427 33
2 453
2 910
2 727
2 581
2 922
1 580 569
1 504 184
2 370
1 148 245
2 769
2 432
2 702
1 766 183
1 134 433
1 36 254
1 816 602
1 810 779
2 694
1 556 447
2 729
1 195 811
1 157 256
2 644
1 834 638
2 619
1 774 720
1 467 504
2 982
2 241
1 386 996
2 696
2 107
1 218 497
1 362 959
2 17
2 597
1 821 569
1 199 167
1 868 549
2 786
2 542
2 133
2 100
2 801
2 419
2 665
2 374
1 952 870
2 464
1 364 868
2 837
1 242 374
2 282
2 46
1 723 913
1 238 644
1 327 782
2 541
1 633 799
2 726
1 824 594
2 552
1 831 32
1 703 766
2 440
1 196 814
1 168 715
2 733
2 916
2 32
2 399
1 594 286
2 120
1 126 850
1 178 384
1 808 148
2 361
2 578
1 997 717
1 261 202
2 171
2 365
1 475 430
1 833 839
1 151 306
1 307 445
2 691
1 211 596
1 404 202
2 443
2 607
1 497 721
1 296 208
2 347
2 598
2 622
2 943
2 857
1 274 564
2 577
2 484
1 757 982
1 800 507
2 348
1 738 49
1 873 411
2 909
2 430
2 950
2 450
1 722 816
2 875
1 757 301
1 654 2
2 632
1 180 499
2 125
2 3
1 882 405
1 312 460
2 428
1 158 14
2 149
1 374 977
2 543
2 285
1 823 193
1 987 525
1 934 808
2 629
2 52
2 782
1 648 997
1 582 156
1 862 258
1 869 844
2 327
2 948
2 924
1 147 440
1 281 31
1 805 844
2 460
1 931 90
1 502 285
2 388
2 463
1 75 441
2 13
2 889
2 305
1 276 265
2 387
2 176
1 281 630
2 686
2 502
1 178 205
1 644 478
2 209
2 6
1 176 51
1 937 272
2 150
2 33
2 297
2 473
1 29 829
2 334
2 654
1 949 799
1 801 731
1 961 527
2 364
1 538 243
1 290 845
1 113 855
1 243 971
2 473
1 309 585
2 591
2 56
1 821 765
1 203 852
1 503 539
2 150
2 998
1 843 866
1 833 623
2 381
1 862 549
2 647
1 698 115
1 481 999
2 694
1 268 39
1 888 826
1 729 10
2 643
2 538
2 311
2 35
2 714
1 209 593
2 566
2 960
2 420
1 966 214
1 719 714
2 268
2 986
2 68
2 150
1 994 761
1 999 165
2 646
1 544 340
1 890 279
1 528 647
1 739 496
1 335 293
2 901
2 536
1 270 733
1 274 736
1 362 230
1 871 402
1 457 26
2 456
2 801
1 215 967
2 150
2 563
2 179
1 630 736
2 148
2 292
1 570 651
1 580 646
1 852 224
2 599
1 723 206
1 646 320
2 991
1 820 6
2 674
2 771
2 564
1 274 244
1 975 981
1 474 231
2 726
2 456
2 449
1 793 210
2 732
2 771
2 964
2 791
2 322
2 456
1 826 788
1 96 4
2 326
2 667
1 968 38
2 382
1 507 299
2 204
1 925 325
1 122 536
2 245
2 146
1 331 72
2 232
1 651 552
1 209 969
2 590
2 382
2 656
2 208
2 682
2 822
2 545
2 349
2 399
1 105 997
1 438 252
1 722 122
1 125 11
1 270 349
1 949 173
2 584
1 954 457
2 181
1 383 860
2 133
2 167
1 825 992
2 963
1 823 259
2 819
2 570
2 362
2 285
2 212
2 574
2 679
1 996 893
2 625
1 873 204
1 701 843
1 256 380
1 860 663
1 361 447
2 686
1 164 634
1 677 360
1 465 983
1 484 858
2 806
2 547
1 54 796
1 713 835
1 846 736
2 955
2 571
2 945
2 743
2 472
1 508 348
1 458 587
2 479
2 285
1 301 881
2 603
2 363
1 723 592
2 3
2 605
1 918 3
2 568
1 433 526
2 96
2 47
2 512
2 510
2 308
1 203 877
1 850 547
1 404 379
1 236 309
1 584 79
2 201
2 289
1 398 88
1 118 107
2 722
2 242
2 895
2 74
2 796
1 295 149
1 922 387
2 743
2 745
1 761 820
1 470 464
2 722
1 575 683
2 673
1 925 919
1 994 591
2 996
1 418 8
2 418
1 788 971
1 588 240
2 546
1 247 256
2 143
1 413 479
1 228 618
1 663 964
2 665
2 500
1 973 197
2 790
1 512 309
1 287 183
2 777
2 775
2 324
2 925
2 41
1 674 565
1 278 203
1 544 227
1 737 94
2 858
2 864
1 824 15
1 923 779
2 371
1 171 226
1 745 157
2 681
1 970 936
1 502 388
2 123
1 11 133
1 483 516
1 229 103
1 49 402
1 540 914
1 956 656
1 898 532
1 166 82
1 567 136
1 949 695
2 551
2 499
2 450
2 756
1 555 338
1 302 530
1 547 31
1 6 273
1 531 361
1 452 992
2 135
2 998
1 487 575
2 201
1 8 941
2 956
2 384
1 642 769
2 490
1 933 669
1 903 333
1 665 708
1 250 80
1 835 478
2 573
1 686 7
2 938
2 933
1 816 728
2 104
1 193 408
2 984
2 881
1 355 236
2 288
1 298 161
2 824
2 873
2 626
2 590
1 321 535
1 302 363
1 253 66
2 775
2 192
1 966 582
1 169 981
2 151
2 190
1 443 304
1 232 848
1 811 910
2 588
1 796 895
2 646
1 90 749
1 929 551
1 68 865
1 736 968
1 498 799
2 643
2 39
2 181
1 814 657
1 949 522
1 286 103
1 227 693
2 575
2 225
1 360 923
1 615 976
2 239
1 169 611
1 438 795
2 393
1 260 976
1 589 797
1 913 888
2 879
1 387 872
1 807 185
2 737
1 655 758
1 628 159
2 261
1 178 923
1 784 832
1 528 44
2 246
2 848
1 227 533
2 63
1 399 772
1 563 383
2 81
1 689 976
1 895 633
1 767 759
1 41 823
2 281
1 732 263
1 367 479
1 192 39
1 956 312
2 808
1 161 703
1 214 305
2 973
2 837
2 592
1 483 124
2 133
1 729 201
2 343
2 845
2 295
2 816
2 934
2 2
1 673 823
2 460
1 524 675
2 678
1 584 625
1 996 103
1 188 281
1 201 761
1 648 398
1 80 676
1 612 863
1 490 83
2 267
2 190
1 964 451
2 793
1 425 684
2 662
2 350
1 148 41
1 213 49
1 388 393
2 305
1 726 308
1 23 961
2 64
1 617 1000
1 772 435
1 876 194
1 675 823
1 593 492
2 219
2 290
2 869
1 271 310
1 499 747
1 543 856
2 852
2 330
1 561 143
2 968
2 850
1 504 680
2 226
1 513 364
2 585
1 54 855
1 955 934
2 617
2 225
1 884 924
2 360
2 190
2 463
1 223 231
2 949
1 673 13
1 472 373
1 675 79
1 870 138
2 345
2 712
1 518 801
1 373 921
1 671 944
1 940 392
2 536
2 997
1 648 284
2 134
2 322
2 305
1 264 888
1 28 807
2 567
1 431 55
1 30 713
1 667 100
1 924 105
1 634 962
2 768
1 663 445
2 257
2 852
1 205 227
1 733 711
2 903
2 865
2 201
2 769
1 452 513
1 688 818
2 834
2 521
1 577 562
1 922 447
2 268
2 2
2 367
2 293
2 868
2 337
2 8
2 203
2 622
2 405
2 876
1 826 341
2 306
2 872
2 749
2 83
1 920 896
1 467 424
2 226
2 334
1 306 835
1 80 556
1 250 591
2 576
1 309 476
1 894 87
1 260 252
2 756
2 624
1 600 234
2 564
1 290 218
2 762
2 473
1 831 892
2 804
1 412 639
2 656
2 538
1 541 232
1 730 315
2 761
2 96
1 968 827
1 928 251
2 901
2 34
1 512 165
2 62
1 618 632
2 272
2 345
2 953
1 986 630
1 455 965
1 859 773
1 636 574
1 255 618
1 509 1000
1 457 749
1 206 991
2 444
1 71 741
1 136 397
2 239
1 664 70
1 297 420
2 659
1 152 354
1 675 448
1 651 159
1 719 599
1 907 465
2 373
1 617 557
1 917 225
2 26
1 227 671
2 256
1 154 14
1 938 105
2 753
2 115
2 226
1 816 300
1 402 904
1 785 542
1 455 302
2 441
1 756 957
1 941 162
1 956 309
2 847
1 99 882
2 873
2 82
1 95 81
2 524
2 318
2 944
2 260
2 36
2 995
2 349
1 80 483
2 939
