1000
730 175 348 622 751 188 206 844 794 694 641 556 63 509 718 78 725 568 151 209 162 421 693 55 725 613 495 342 686 612 14 816 9 620 124 23 295 482 384 723 879 312 820 342 694 834 256 421 968 742 156 911 109 223 804 544 584 751 914 197 370 110 875 589 150 408 926 505 994 874 663 488 160 834 542 525 505 827 82 265 525 877 9 21 138 650 163 579 880 380 444 746 914 972 521 143 330 700 66 219 297 679 515 885 840 612 674 632 551 456 110 525 470 131 193 566 561 85 269 832 893 232 909 59 902 527 95 632 239 959 898 406 648 110 906 45 256 315 522 125 794 554 758 88 169 157 668 817 851 914 813 507 807 342 545 239 587 270 912 804 604 79 919 787 480 163 907 72 47 286 614 208 313 117 676 654 998 854 241 735 466 156 407 504 191 281 306 462 522 914 284 882 832 150 875 158 233 933 849 961 178 168 312 987 782 303 201 341 763 850 862 190 837 513 151 89 137 7 196 787 845 407 725 52 436 508 856 3 951 511 394 135 584 625 286 75 751 924 858 9 955 454 946 272 320 908 320 188 401 448 242 721 988 592 710 172 306 167 153 101 702 327 16 313 536 942 135 449 808 209 132 912 228 355 451 222 12 909 980 800 864 910 255 160 154 605 899 473 81 621 639 908 68 332 732 202 879 701 107 965 796 27 704 546 112 715 579 391 554 187 483 758 510 583 121 784 941 100 942 797 432 86 235 764 261 348 243 20 613 824 499 184 323 449 643 944 374 996 393 824 899 513 876 945 216 926 118 394 309 413 331 316 119 435 327 700 151 120 987 826 701 902 336 320 170 539 664 805 228 519 143 736 470 88 905 705 843 415 603 162 45 199 610 296 177 919 773 421 569 762 245 7 375 985 975 280 584 804 913 824 239 556 5 126 539 191 435 662 904 174 508 732 381 247 325 765 713 178 190 893 240 297 46 755 427 64 435 187 807 612 997 241 617 936 603 9 299 664 403 954 499 437 896 913 10 7 90 576 186 247 511 949 692 727 435 822 69 351 672 401 633 534 498 784 501 659 541 97 6 978 906 146 849 739 924 327 475 614 249 522 809 749 12 634 405 883 74 880 243 13 892 631 889 277 152 621 436 6 686 801 587 686 481 652 61 392 611 304 949 503 441 6 261 241 321 470 140 865 914 544 46 281 112 406 181 694 455 609 568 843 594 219 95 299 927 255 436 881 255 902 80 885 759 387 852 870 723 130 713 679 829 550 750 431 116 736 700 315 650 386 143 252 426 763 947 354 740 459 399 490 72 575 957 927 302 221 733 3 326 865 482 859 559 299 421 631 77 38 713 611 516 86 910 128 673 968 503 535 37 315 604 625 108 920 16 52 52 844 956 115 758 538 591 806 758 764 379 592 879 588 735 982 855 594 214 603 942 821 518 326 571 180 589 323 978 594 606 162 277 407 689 279 151 211 847 523 163 836 512 656 770 709 584 941 628 0 640 80 686 411 548 125 890 453 509 325 815 300 676 496 687 378 591 379 714 997 942 464 284 542 141 755 794 164 151 509 503 654 123 888 995 102 81 674 709 909 822 998 195 665 212 281 641 331 655 749 279 265 461 466 762 705 993 770 461 162 545 785 500 557 419 792 114 427 867 250 997 938 699 716 81 85 837 137 761 400 234 427 680 822 826 824 692 336 0 279 856 238 616 500 983 376 861 412 665 341 312 609 173 206 280 583 640 977 857 433 694 716 153 37 17 800 374 374 740 900 306 563 878 690 226 114 21 281 194 828 357 971 279 331 147 961 229 962 127 20 71 666 575 56 847 268 496 299 191 89 375 486 171 372 174 256 559 125 678 98 41 489 695 779 828 271 944 952 438 986 802 54 653 222 882 251 837 437 493 212 693 830 923 290 202 732 925 927 387 359 144 254 873 473 66 941 737 259 638 65 632 48 469 459 150 856 359 396 56 400 924 604 553 190 513 276 998 907 179 143 156 276 131 605 934 170 560 251 750 282 79 913 594 56 677 476 710 744 862 717 773 470 289 561 223 780 76 20 980 944 668 765 28 320 804 156 809 585 72 265 545 714 770 68 825 335 750 0 794 927 621 409 208 444 162 675 753 963 426 666 573 496 297 518 556 378 900 415 686 394 49 167 437 984 534 665 465 94 919 243 934 992 36 828 811 956 553 171 551 310 696 778 71 268 926 15 836 535 235 245 819 678 648 589 74 590 468 2 390 143 954 245 840 636 446 864 117 603 920 655 384 702 964
1000
2 657
1 203 723
2 502
1 77 874
1 263 31
1 335 265
1 369 957
2 608
1 143 422
2 12
1 675 362
1 454 627
1 554 300
1 472 131
2 234
1 841 7
2 546
2 143
2 265
2 909
1 105 654
2 977
2 908
2 689
2 594
1 804 300
1 313 207
1 900 342
2 456
1 455 703
2 113
2 86
2 396
2 688
2 395
2 977
1 530 371
1 833 626
2 856
2 112
2 346
1 11 354
1 135 406
2 995
1 216 493
1 711 409
2 854
1 639 149
1 237 151
2 951
2 56
1 306 996
1 664 855
1 700 604
2 970
1 865 889
1 651 534
2 905
2 873
2 456
2 272
2 958
1 665 77
1 140 636
1 585 504
1 554 117
1 65 994
2 896
1 249 477
2 267
2 119
1 200 917
2 466
2 270
2 971
1 669 895
1 202 646
2 648
1 488 709
2 14
1 323 234
2 28
2 147
1 674 664
1 678 958
1 642 519
2 893
2 900
1 367 469
1 156 742
1 819 500
2 248
1 936 657
2 177
2 98
1 710 191
2 362
1 721 227
2 643
1 662 356
1 158 558
1 275 222
1 727 565
1 424 76
1 587 744
2 412
1 625 384
2 827
2 303
1 639 104
2 990
2 402
2 662
1 304 743
2 23
1 817 748
1 734 659
1 140 228
2 798
2 133
2 494
1 56 961
1 206 673
2 377
2 883
2 912
1 257 518
2 193
2 240
1 948 996
2 444
2 324
2 276
2 184
1 907 237
2 749
1 818 866
2 360
1 655 614
1 346 357
2 430
2 191
1 161 44
1 545 525
2 943
2 165
2 166
1 470 452
1 789 545
1 892 830
1 669 411
2 411
2 121
2 469
1 736 994
2 549
1 300 32
2 966
1 369 241
1 844 304
1 582 516
1 16 159
1 846 294
1 818 841
1 689 328
1 988 329
1 23 681
2 905
1 621 378
1 126 349
1 2 37
2 503
1 591 528
2 588
1 185 881
1 626 838
2 11
2 797
1 170 728
1 761 362
2 504
1 32 997
2 698
2 708
2 474
2 530
2 355
2 542
1 142 334
2 468
2 729
1 22 90
2 732
2 165
2 184
2 687
1 289 210
1 635 588
1 906 526
1 271 334
2 74
2 545
1 81 843
2 750
2 667
2 962
2 680
2 374
1 946 60
2 82
1 613 262
1 970 980
1 388 163
2 795
1 337 681
2 346
1 741 255
2 241
2 208
2 346
2 931
2 878
2 283
1 797 972
1 81 370
2 362
1 496 102
1 441 701
2 130
2 258
2 125
1 675 501
1 544 785
2 424
1 881 283
2 827
2 721
2 781
2 124
1 98 1000
1 724 181
2 976
2 151
2 676
2 918
2 389
2 591
1 745 874
1 331 895
2 117
2 44
1 12 239
2 446
1 950 786
2 801
2 439
1 302 777
2 706
1 120 45
1 732 824
2 597
1 168 467
2 560
2 960
1 320 857
1 307 296
2 295
2 19
2 432
1 443 278
2 361
1 115 313
1 666 600
2 619
2 120
2 6
2 839
1 376 775
1 917 817
2 719
2 262
2 98
2 691
2 1
2 249
2 839
2 62
1 917 405
1 100 615
2 540
1 688 978
2 354
1 375 758
2 392
2 582
2 268
2 868
2 324
2 453
1 721 115
1 484 614
2 323
2 868
1 666 162
2 712
1 45 276
1 764 317
1 172 885
2 73
1 284 250
2 806
1 138 278
2 696
1 174 922
1 210 79
1 48 259
1 579 224
2 793
1 494 549
2 8
1 82 374
2 563
1 812 138
2 545
1 284 309
1 851 914
2 146
1 80 137
1 85 508
1 377 771
2 172
1 81 278
2 398
1 992 563
1 524 116
2 45
1 105 795
1 768 244
2 372
1 634 122
2 225
1 950 960
2 588
1 288 421
2 338
2 212
2 58
1 83 177
2 784
1 623 619
1 527 603
2 823
1 710 747
1 626 706
2 576
2 73
2 294
2 991
1 787 48
1 605 351
1 853 382
2 822
2 494
1 43 606
2 994
2 15
1 585 615
2 336
2 287
2 331
1 929 639
1 450 395
1 636 507
2 870
1 766 277
2 612
2 525
2 550
2 92
1 111 128
1 970 689
1 716 620
1 972 131
1 653 881
1 854 777
1 874 465
2 909
1 868 455
1 389 262
1 520 731
2 135
2 942
1 576 115
1 339 653
2 964
2 193
2 537
1 557 516
2 164
2 406
1 603 775
1 864 257
1 940 349
2 743
2 832
1 353 45
2 625
2 707
2 537
2 50
1 795 532
1 622 987
1 926 750
2 940
1 817 68
1 903 636
1 335 778
2 858
1 799 182
2 958
1 143 929
2 110
2 279
1 582 238
1 806 147
2 523
1 997 410
2 459
2 264
2 555
2 906
1 852 580
2 154
2 35
1 200 601
1 638 386
2 612
2 953
1 118 884
1 376 207
2 255
1 808 5
1 927 475
2 812
2 235
2 469
2 549
1 130 89
1 943 389
1 299 14
2 427
1 3 811
2 985
2 862
2 76
2 986
2 502
2 415
2 359
2 17
1 769 571
1 793 744
2 598
2 547
1 857 441
2 557
1 498 967
1 287 839
2 4
1 586 358
2 299
1 452 858
1 996 211
1 648 241
2 214
2 46
1 726 926
2 902
2 915
2 857
2 680
1 25 445
2 232
1 728 33
1 995 238
2 872
2 535
2 36
1 155 956
2 238
1 264 64
2 314
1 497 161
1 387 201
2 76
1 246 478
1 835 360
1 886 167
1 150 896
1 663 472
1 361 29
1 850 218
1 680 356
2 924
2 232
2 266
1 130 935
1 227 986
2 659
1 544 881
1 340 766
2 296
2 52
1 288 402
1 685 462
2 543
2 872
1 743 123
2 796
2 180
1 455 496
2 774
2 462
1 948 4
1 677 894
1 92 128
1 448 964
2 436
1 839 179
2 75
1 472 765
2 379
2 910
2 274
1 39 916
1 472 252
1 705 365
2 391
2 862
2 249
1 957 360
2 160
2 798
2 127
1 258 660
1 735 258
2 157
1 830 499
1 547 774
1 647 262
1 223 877
2 251
2 68
1 518 541
1 399 209
1 747 582
1 151 701
1 361 680
2 827
2 225
1 642 799
1 735 352
1 618 397
2 871
2 241
1 566 662
1 430 83
1 814 758
2 13
2 824
2 658
2 890
1 276 827
2 79
1 77 932
1 76 80
1 741 993
2 730
1 459 728
2 110
2 606
2 592
2 916
2 966
2 955
2 822
1 726 633
1 912 769
2 488
2 589
1 872 867
2 690
2 156
1 792 815
1 824 809
1 342 882
2 265
2 962
2 444
1 520 380
2 255
2 4
1 587 511
2 364
1 953 792
1 307 411
2 515
1 207 305
1 485 944
2 88
2 730
1 67 915
2 996
1 928 311
2 90
1 513 206
1 67 346
1 375 346
2 396
2 367
2 206
2 187
2 565
2 917
2 583
2 917
2 717
1 539 724
1 643 22
1 626 393
1 826 147
2 413
1 87 887
2 80
1 888 349
2 573
2 841
2 166
2 965
2 751
2 800
2 352
2 767
1 254 867
2 727
2 641
2 561
1 643 176
2 568
2 435
2 939
1 606 915
1 668 512
2 730
2 664
2 208
2 884
1 593 459
2 340
2 529
1 679 210
1 147 923
1 367 702
2 448
2 434
1 132 3
2 435
2 880
2 681
1 812 441
1 546 492
2 856
2 840
2 456
1 574 184
1 112 196
2 678
2 989
1 581 2
1 303 534
2 581
1 225 783
2 791
1 81 670
1 324 834
1 702 845
1 777 244
2 649
1 121 139
1 15 922
2 284
1 297 145
1 68 822
2 725
2 770
2 967
1 172 84
1 917 628
1 127 599
1 70 70
1 38 606
1 351 279
1 30 160
2 942
2 892
1 880 395
2 827
2 292
2 49
2 565
1 880 117
1 40 571
1 533 784
1 443 342
1 396 660
1 946 711
2 673
2 394
2 464
2 703
2 587
1 51 937
2 666
1 779 10
1 234 74
2 613
2 676
2 380
2 37
2 448
2 636
1 218 773
2 333
2 222
1 140 297
2 519
1 492 537
1 392 606
1 592 508
1 557 603
2 644
1 821 30
1 823 39
1 61 484
1 867 109
2 689
2 466
2 543
1 746 316
2 751
2 789
1 191 934
2 948
2 576
1 587 736
1 815 876
1 202 380
1 410 398
2 874
2 517
2 693
1 375 444
1 50 553
1 528 147
2 166
1 371 144
1 402 867
1 789 700
1 575 718
2 415
2 359
1 629 28
1 740 891
1 102 803
2 337
2 649
1 391 781
2 374
2 128
2 117
1 225 480
1 425 616
1 484 557
1 754 729
1 37 876
2 494
2 92
1 752 60
1 302 423
2 610
2 565
1 919 328
2 32
2 839
1 854 390
1 918 214
2 12
2 255
2 990
1 919 103
2 999
1 783 743
1 389 139
1 689 769
2 807
1 430 687
1 170 278
2 984
2 345
1 768 823
2 715
2 335
2 148
2 90
1 721 25
1 487 807
2 31
2 612
2 695
1 681 282
2 382
1 129 612
2 678
2 999
1 350 526
2 952
2 227
1 647 530
2 46
1 512 244
1 979 875
1 27 433
2 109
1 501 873
2 83
1 570 1
1 637 973
1 942 55
1 781 762
1 850 609
2 600
1 822 23
1 711 122
1 889 657
1 962 985
2 665
1 929 891
1 727 292
1 234 860
1 863 376
2 180
1 799 533
1 880 716
1 656 677
2 792
1 980 93
1 20 597
2 859
2 713
2 215
1 632 604
1 444 278
1 331 823
1 532 135
2 206
2 135
2 247
2 401
2 96
2 880
2 40
1 507 145
1 764 2
2 522
2 303
2 426
1 252 382
1 102 642
1 171 158
1 296 147
2 205
2 116
2 489
2 203
2 927
2 740
1 660 277
2 257
1 967 359
1 530 873
1 790 113
1 487 794
1 715 247
1 477 584
2 486
2 565
1 205 211
2 915
2 300
1 40 681
1 802 96
2 981
2 322
2 825
2 740
2 277
1 931 911
2 686
1 715 892
2 676
1 113 821
1 505 599
2 5
1 324 157
2 113
1 942 685
1 592 214
1 110 630
2 872
1 235 251
1 616 197
1 835 261
2 860
1 199 495
2 729
1 163 725
1 7 26
1 937 448
2 185
2 777
2 332
1 111 536
1 114 273
1 392 945
2 777
1 636 149
2 580
2 742
1 648 574
2 275
2 399
2 700
1 858 689
2 519
2 482
1 836 419
2 711
2 229
1 611 433
1 403 465
2 211
2 439
2 977
1 795 184
2 600
1 737 395
1 230 636
2 853
1 188 642
2 241
2 803
1 433 994
2 924
1 520 887
2 196
1 38 681
1 303 119
2 430
2 696
1 973 492
1 847 170
2 861
1 585 771
2 120
2 32
1 984 38
2 37
1 535 33
2 728
2 684
1 566 861
1 57 699
1 270 978
2 698
2 899
2 870
1 236 815
1 490 701
1 535 752
2 377
2 747
1 725 396
2 86
2 106
2 776
2 455
1 948 333
1 722 209
1 222 775
2 752
